Freq (Hz)	PSD/Measured Spectrum: Power CH2 (Vrms/rtHz)	Freq Response Module (Vrms)	Freq Response Im part (Unitless Power)
5.000000E+0	3.700692E-2	2.042565E+0	-2.583424E-1
5.162500E+0	3.227402E-2	3.250247E+0	9.283625E-2
5.325000E+0	3.202228E-2	2.488491E+0	6.502234E-1
5.487500E+0	3.670550E-2	2.184939E+0	1.863918E+0
5.650000E+0	3.196477E-2	2.618993E+0	-9.685728E-1
5.812500E+0	3.762372E-2	1.704041E+0	-1.592281E+0
5.975000E+0	3.941540E-2	2.892953E+0	-6.747975E-1
6.137500E+0	4.192290E-2	3.270375E+0	-1.729751E+0
6.300000E+0	4.257520E-2	3.133338E+0	-2.059032E+0
6.462500E+0	4.060881E-2	3.691097E+0	-2.848938E+0
6.625000E+0	4.207941E-2	3.299364E+0	-2.780265E+0
6.787500E+0	4.514218E-2	4.507197E+0	-3.729148E+0
6.950000E+0	4.568472E-2	5.454679E+0	-5.027804E+0
7.112500E+0	4.707966E-2	4.708879E+0	-4.534456E+0
7.275000E+0	4.892401E-2	5.749940E+0	-5.658145E+0
7.437500E+0	5.018764E-2	5.379956E+0	-5.173083E+0
7.600000E+0	5.404497E-2	4.297234E+0	-4.290001E+0
7.762500E+0	5.478922E-2	4.954302E+0	-4.501222E+0
7.925000E+0	6.036615E-2	5.026948E+0	-4.423485E+0
8.087500E+0	5.179975E-2	6.303833E+0	-5.372663E+0
8.250000E+0	5.611728E-2	4.463095E+0	-3.246740E+0
8.412500E+0	4.464675E-2	4.776230E+0	-3.959948E+0
8.575000E+0	5.011336E-2	3.827927E+0	-2.790485E+0
8.737500E+0	5.223507E-2	2.023373E+0	-1.421012E+0
8.900000E+0	5.047629E-2	3.034342E+0	-2.571246E+0
9.062500E+0	5.433952E-2	4.077054E+0	-4.012784E+0
9.225000E+0	4.881655E-2	3.730495E+0	-3.588131E+0
9.387500E+0	3.852990E-2	4.360057E+0	-4.274699E+0
9.550000E+0	4.463108E-2	5.638539E+0	-5.051377E+0
9.712500E+0	4.830407E-2	5.259962E+0	-3.849379E+0
9.875000E+0	3.941565E-2	4.969645E+0	-3.383049E+0
1.003750E+1	4.093524E-2	4.237129E+0	-2.839261E+0
1.020000E+1	4.032089E-2	4.409952E+0	-2.700482E+0
1.036250E+1	3.328351E-2	3.106636E+0	-2.174442E+0
1.052500E+1	3.213349E-2	2.496720E+0	-1.381348E+0
1.068750E+1	3.102836E-2	2.839876E+0	-1.638383E+0
1.085000E+1	3.145908E-2	3.469724E+0	-2.451332E+0
1.101250E+1	2.660109E-2	4.126226E+0	-2.855206E+0
1.117500E+1	2.609950E-2	4.779611E+0	-3.430161E+0
1.133750E+1	2.536842E-2	5.039429E+0	-2.236435E+0
1.150000E+1	2.331860E-2	5.067366E+0	-2.459610E+0
1.166250E+1	2.343897E-2	4.713657E+0	-1.972997E+0
1.182500E+1	1.822298E-2	3.750096E+0	-1.335575E+0
1.198750E+1	2.122648E-2	4.036897E+0	-1.154149E+0
1.215000E+1	1.906805E-2	3.956862E+0	-9.906291E-1
1.231250E+1	1.586660E-2	2.908404E+0	-1.052457E+0
1.247500E+1	1.948480E-2	2.726952E+0	-1.075796E+0
1.263750E+1	2.226845E-2	3.399176E+0	-8.747166E-1
1.280000E+1	2.106334E-2	2.729629E+0	-8.638089E-1
1.296250E+1	2.004366E-2	3.162174E+0	-1.613284E-1
1.312500E+1	1.961343E-2	2.675962E+0	-4.065116E-1
1.328750E+1	2.085805E-2	2.545168E+0	-5.631530E-1
1.345000E+1	1.833287E-2	2.149815E+0	-2.832066E-1
1.361250E+1	1.924250E-2	2.132355E+0	-1.830348E-1
1.377500E+1	2.056254E-2	2.037005E+0	-8.704903E-1
1.393750E+1	1.609427E-2	2.464871E+0	-1.155086E+0
1.410000E+1	1.520882E-2	2.319744E+0	-5.401084E-1
1.426250E+1	1.622279E-2	2.486757E+0	-3.635312E-1
1.442500E+1	1.695132E-2	2.315773E+0	-2.304548E-1
1.458750E+1	1.727400E-2	2.143350E+0	-3.269223E-1
1.475000E+1	1.905957E-2	1.668948E+0	-5.063012E-1
1.491250E+1	1.729638E-2	2.511165E+0	-9.025642E-1
1.507500E+1	1.860378E-2	2.744368E+0	-9.223458E-1
1.523750E+1	1.768783E-2	2.133390E+0	8.708782E-2
1.540000E+1	1.574359E-2	1.796824E+0	1.330963E-1
1.556250E+1	1.838285E-2	1.771732E+0	1.471709E-2
1.572500E+1	1.793517E-2	1.932592E+0	-7.336110E-1
1.588750E+1	1.852857E-2	2.190945E+0	-6.201341E-1
1.605000E+1	1.911766E-2	2.182874E+0	-7.201249E-1
1.621250E+1	1.618079E-2	2.110701E+0	-2.362465E-1
1.637500E+1	1.450445E-2	1.756081E+0	-2.097098E-1
1.653750E+1	1.690789E-2	1.757235E+0	-2.833363E-1
1.670000E+1	1.525330E-2	1.851471E+0	-4.197147E-1
1.686250E+1	1.250904E-2	1.847264E+0	-5.404893E-1
1.702500E+1	1.220230E-2	1.873624E+0	-2.498422E-1
1.718750E+1	1.095811E-2	1.668665E+0	-6.480246E-1
1.735000E+1	1.270767E-2	2.179569E+0	-5.636243E-1
1.751250E+1	1.171387E-2	1.988388E+0	-5.461227E-1
1.767500E+1	1.167472E-2	1.895492E+0	-3.950875E-2
1.783750E+1	1.091746E-2	1.722132E+0	-8.349209E-2
1.800000E+1	1.041259E-2	1.441940E+0	1.022993E-1
1.816250E+1	1.011205E-2	1.328116E+0	-1.041256E-2
1.832500E+1	9.537750E-3	1.441172E+0	-3.437557E-1
1.848750E+1	1.215772E-2	1.265252E+0	-2.190548E-1
1.865000E+1	9.333733E-3	1.488123E+0	-5.153319E-1
1.881250E+1	1.078260E-2	1.771113E+0	-5.681106E-1
1.897500E+1	1.085057E-2	1.419346E+0	-9.537522E-2
1.913750E+1	1.173777E-2	1.236766E+0	6.059130E-2
1.930000E+1	8.237526E-3	1.256148E+0	-1.809605E-1
1.946250E+1	1.261747E-2	1.417713E+0	-2.277785E-1
1.962500E+1	9.829591E-3	1.417332E+0	-2.345341E-1
1.978750E+1	9.082980E-3	1.320943E+0	4.982371E-1
1.995000E+1	1.166172E-2	9.527295E-1	4.620983E-2
2.011250E+1	1.267444E-2	1.406763E+0	-2.548651E-1
2.027500E+1	1.121234E-2	1.463302E+0	-4.129947E-2
2.043750E+1	1.078027E-2	1.211727E+0	1.729051E-1
2.060000E+1	1.106186E-2	1.027574E+0	-2.342515E-1
2.076250E+1	1.085021E-2	1.060531E+0	-2.559970E-2
2.092500E+1	1.009327E-2	1.512187E+0	1.662184E-1
2.108750E+1	1.109850E-2	1.365948E+0	9.547028E-1
2.125000E+1	1.184542E-2	4.643648E-1	3.231977E-1
2.141250E+1	1.209927E-2	9.971664E-1	-7.336123E-1
2.157500E+1	1.050642E-2	1.706760E+0	-4.096406E-1
2.173750E+1	1.145119E-2	1.349383E+0	5.574164E-1
2.190000E+1	1.137514E-2	7.634552E-1	6.635710E-1
2.206250E+1	1.183764E-2	6.571231E-1	-4.398524E-1
2.222500E+1	1.144452E-2	1.047742E+0	-1.873722E-1
2.238750E+1	1.236757E-2	8.666590E-1	2.958734E-1
2.255000E+1	1.159558E-2	2.283189E-1	9.162410E-2
2.271250E+1	1.209453E-2	9.128562E-1	-7.205355E-1
2.287500E+1	1.119253E-2	1.134272E+0	-2.985615E-1
2.303750E+1	1.055399E-2	1.084407E+0	3.680628E-1
2.320000E+1	1.081846E-2	8.683416E-1	-1.068533E-1
2.336250E+1	1.016965E-2	4.699740E-1	-1.129933E-1
2.352500E+1	9.869153E-3	7.913880E-1	-1.483047E-1
2.368750E+1	8.038847E-3	1.026309E+0	-1.410326E-1
2.385000E+1	8.939119E-3	8.718405E-1	7.289088E-2
2.401250E+1	1.002509E-2	5.436674E-1	-9.465887E-2
2.417500E+1	5.994978E-3	1.224495E+0	-3.863884E-1
2.433750E+1	9.323462E-3	1.364521E+0	9.472746E-2
2.450000E+1	7.265427E-3	8.782396E-1	4.587603E-1
2.466250E+1	8.097923E-3	3.992457E-1	-4.616414E-2
2.482500E+1	7.460165E-3	7.686539E-1	-1.847430E-1
2.498750E+1	7.476992E-3	6.002461E-1	3.634174E-1
2.515000E+1	8.004664E-3	1.184303E-1	2.537211E-3
2.531250E+1	7.707336E-3	8.786624E-1	-5.548943E-1
2.547500E+1	6.275972E-3	1.091406E+0	1.724711E-1
2.563750E+1	7.210673E-3	5.429788E-1	3.761139E-1
2.580000E+1	6.588367E-3	5.709171E-1	-4.801822E-1
2.596250E+1	5.147756E-3	1.234852E+0	-3.491733E-1
2.612500E+1	4.592205E-3	9.618661E-1	4.357859E-1
2.628750E+1	5.381376E-3	2.946109E-1	-3.339454E-2
2.645000E+1	5.040365E-3	7.801738E-1	-2.225551E-1
2.661250E+1	4.867697E-3	6.190519E-1	8.372781E-2
2.677500E+1	5.111233E-3	5.059817E-1	-5.217669E-2
2.693750E+1	3.843183E-3	7.931712E-1	-3.082488E-1
2.710000E+1	4.249937E-3	9.268748E-1	7.775381E-2
2.726250E+1	4.094592E-3	5.402777E-1	1.830148E-1
2.742500E+1	4.244784E-3	3.870945E-1	-1.380590E-1
2.758750E+1	4.501693E-3	8.524813E-1	-3.995770E-1
2.775000E+1	3.167889E-3	8.210282E-1	1.727935E-1
2.791250E+1	3.955870E-3	4.259075E-1	1.743194E-1
2.807500E+1	3.369072E-3	6.662056E-1	-8.399125E-2
2.823750E+1	3.441785E-3	7.198280E-1	1.690010E-1
2.840000E+1	2.864605E-3	3.775510E-1	5.612663E-4
2.856250E+1	3.216919E-3	6.905714E-1	-1.321611E-1
2.872500E+1	2.865389E-3	5.488842E-1	7.141851E-3
2.888750E+1	3.432106E-3	6.508762E-1	-1.620972E-1
2.905000E+1	2.942432E-3	8.219826E-1	9.866543E-2
2.921250E+1	2.987526E-3	5.528616E-1	3.187214E-1
2.937500E+1	2.846635E-3	3.282552E-1	-1.407008E-1
2.953750E+1	2.633599E-3	6.853311E-1	-2.431257E-1
2.970000E+1	2.862234E-3	7.217842E-1	1.334409E-1
2.986250E+1	2.658808E-3	4.712043E-1	1.130972E-1
3.002500E+1	2.873676E-3	4.082937E-1	-2.385412E-2
3.018750E+1	2.486660E-3	5.297596E-1	-7.799953E-3
3.035000E+1	2.390175E-3	5.359741E-1	7.455398E-2
3.051250E+1	2.373467E-3	5.668458E-1	9.473240E-2
3.067500E+1	2.673497E-3	4.267030E-1	1.078491E-1
3.083750E+1	2.386357E-3	3.916978E-1	-1.005139E-1
3.100000E+1	2.455548E-3	7.315136E-1	-1.216459E-1
3.116250E+1	2.378179E-3	6.325348E-1	3.309089E-1
3.132500E+1	2.170965E-3	2.586332E-1	-7.046886E-3
3.148750E+1	2.115482E-3	6.179832E-1	2.666818E-3
3.165000E+1	2.222043E-3	4.954942E-1	2.825291E-1
3.181250E+1	2.294518E-3	3.738461E-1	-1.308569E-1
3.197500E+1	1.967986E-3	5.862776E-1	-6.580489E-2
3.213750E+1	2.025334E-3	5.697311E-1	2.051538E-1
3.230000E+1	2.178088E-3	2.128087E-1	6.052916E-2
3.246250E+1	1.811692E-3	6.167634E-1	-3.203768E-1
3.262500E+1	2.062537E-3	7.010645E-1	3.250015E-1
3.278750E+1	2.133031E-3	2.247715E-1	-1.099969E-1
3.295000E+1	1.634042E-3	7.853442E-1	3.940439E-2
3.311250E+1	1.704383E-3	2.718384E-1	2.421509E-1
3.327500E+1	1.990143E-3	6.577678E-1	-2.645565E-1
3.343750E+1	1.796835E-3	4.929570E-1	3.767208E-1
3.360000E+1	1.871249E-3	4.306232E-1	-3.468915E-1
3.376250E+1	1.794882E-3	6.951717E-1	2.329921E-1
3.392500E+1	1.717722E-3	1.149069E-1	7.290713E-3
3.408750E+1	1.704368E-3	5.663465E-1	-5.838116E-2
3.425000E+1	1.847450E-3	3.833970E-1	4.462166E-2
3.441250E+1	1.667105E-3	4.873580E-1	4.207064E-2
3.457500E+1	1.836941E-3	3.814867E-1	3.657522E-2
3.473750E+1	1.623879E-3	5.597656E-1	1.543876E-1
3.490000E+1	1.810658E-3	2.676190E-1	9.171227E-2
3.506250E+1	1.809772E-3	4.437270E-1	4.878815E-2
3.522500E+1	1.339248E-3	4.198498E-1	6.568088E-2
3.538750E+1	1.437213E-3	4.864747E-1	2.695971E-1
3.555000E+1	1.610639E-3	1.391447E-1	-1.208773E-1
3.571250E+1	1.605005E-3	7.818055E-1	-5.637591E-2
3.587500E+1	1.332253E-3	3.904560E-1	3.710815E-1
3.603750E+1	1.354364E-3	3.930810E-1	-2.099358E-1
3.620000E+1	1.430507E-3	4.192741E-1	1.541766E-1
3.636250E+1	1.495938E-3	3.504421E-1	7.055528E-3
3.652500E+1	1.409368E-3	3.872984E-1	6.768397E-2
3.668750E+1	1.415190E-3	3.354050E-1	9.107020E-2
3.685000E+1	1.283080E-3	2.975556E-1	-1.554406E-1
3.701250E+1	1.537011E-3	5.820242E-1	1.576607E-1
3.717500E+1	1.454868E-3	6.013404E-2	-5.942698E-2
3.733750E+1	1.340273E-3	6.380153E-1	-1.401228E-2
3.750000E+1	1.493972E-3	1.357836E-1	1.287348E-1
3.766250E+1	1.315139E-3	5.961792E-1	-2.297563E-1
3.782500E+1	1.589316E-3	3.996435E-1	3.666683E-1
3.798750E+1	1.494810E-3	4.716320E-1	-2.732651E-1
3.815000E+1	1.228474E-3	5.610484E-1	4.238238E-1
3.831250E+1	1.301721E-3	2.875838E-1	-2.302924E-1
3.847500E+1	1.410461E-3	6.969042E-1	4.157183E-1
3.863750E+1	1.304646E-3	1.221533E-1	-9.025651E-2
3.880000E+1	1.466413E-3	7.086962E-1	2.912088E-1
3.896250E+1	1.324547E-3	7.780405E-2	-2.175525E-2
3.912500E+1	1.266886E-3	6.225757E-1	2.650748E-1
3.928750E+1	1.377375E-3	1.304979E-1	-1.263296E-1
3.945000E+1	9.523657E-4	6.493750E-1	2.465322E-1
3.961250E+1	1.234978E-3	2.428259E-1	-2.010996E-1
3.977500E+1	1.272275E-3	5.658300E-1	3.281205E-1
3.993750E+1	1.304344E-3	4.080707E-1	-2.285044E-1
4.010000E+1	1.300367E-3	5.449153E-1	4.108100E-1
4.026250E+1	1.335412E-3	4.124351E-1	-1.618042E-1
4.042500E+1	1.527652E-3	3.856516E-1	2.747327E-1
4.058750E+1	1.172712E-3	4.346056E-1	-5.970823E-2
4.075000E+1	1.021442E-3	2.445138E-1	1.544766E-1
4.091250E+1	1.321504E-3	3.721885E-1	3.003553E-2
4.107500E+1	1.315092E-3	3.449067E-1	4.827398E-2
4.123750E+1	1.299905E-3	2.588387E-1	1.762958E-1
4.140000E+1	1.253888E-3	3.497792E-1	-1.779564E-2
4.156250E+1	1.100438E-3	2.191806E-1	1.105176E-1
4.172500E+1	1.345543E-3	3.720700E-1	1.396874E-1
4.188750E+1	1.372933E-3	1.827393E-1	-9.513338E-2
4.205000E+1	1.048534E-3	5.237780E-1	2.884504E-1
4.221250E+1	1.384503E-3	1.730820E-1	-7.242405E-2
4.237500E+1	1.211554E-3	3.635674E-1	1.766386E-1
4.253750E+1	1.261921E-3	3.578690E-1	1.053789E-1
4.270000E+1	1.349451E-3	1.656582E-1	1.248004E-1
4.286250E+1	1.328507E-3	3.640149E-1	4.065750E-3
4.302500E+1	1.291781E-3	1.665961E-1	1.472245E-1
4.318750E+1	1.206811E-3	2.276319E-1	1.438746E-2
4.335000E+1	1.032481E-3	2.357598E-1	1.542227E-1
4.351250E+1	1.134548E-3	2.024714E-1	6.532590E-2
4.367500E+1	1.121445E-3	1.270607E-1	3.375412E-2
4.383750E+1	1.306998E-3	3.153520E-1	1.630319E-1
4.400000E+1	1.278651E-3	2.207850E-1	-1.202901E-1
4.416250E+1	1.084867E-3	2.881084E-1	2.058086E-1
4.432500E+1	1.271346E-3	2.874106E-1	-1.011737E-1
4.448750E+1	1.293104E-3	1.534102E-1	1.381454E-1
4.465000E+1	1.109280E-3	3.205519E-1	3.045153E-2
4.481250E+1	1.223331E-3	1.215326E-1	1.337516E-2
4.497500E+1	1.357914E-3	2.673846E-1	5.872260E-2
4.513750E+1	1.190772E-3	1.710687E-1	3.521461E-2
4.530000E+1	1.151815E-3	2.903508E-1	6.358458E-2
4.546250E+1	1.158239E-3	5.119266E-2	5.672291E-4
4.562500E+1	1.065211E-3	3.347993E-1	1.583037E-1
4.578750E+1	1.288594E-3	1.623144E-1	-5.344677E-2
4.595000E+1	1.206245E-3	1.431562E-1	1.098498E-1
4.611250E+1	1.313001E-3	4.376144E-1	1.785255E-1
4.627500E+1	1.166304E-3	2.279611E-1	-2.232936E-1
4.643750E+1	1.261492E-3	3.804627E-1	3.500675E-1
4.660000E+1	1.388472E-3	4.594975E-1	-1.567597E-1
4.676250E+1	1.457271E-3	6.994383E-2	-6.595218E-3
4.692500E+1	1.253985E-3	4.280289E-1	3.217115E-1
4.708750E+1	1.307346E-3	3.993120E-1	-2.713794E-1
4.725000E+1	1.303959E-3	2.052082E-1	1.756408E-1
4.741250E+1	1.271615E-3	4.290426E-1	1.821229E-1
4.757500E+1	1.238321E-3	2.337320E-1	-1.582103E-1
4.773750E+1	1.076044E-3	2.492062E-1	2.179825E-1
4.790000E+1	1.318700E-3	2.497059E-1	5.673503E-2
4.806250E+1	1.421366E-3	2.815170E-1	1.119897E-1
4.822500E+1	1.229371E-3	9.522874E-2	-9.377714E-2
4.838750E+1	1.333048E-3	4.771699E-1	4.426862E-1
4.855000E+1	1.504275E-3	4.206324E-1	-2.410390E-1
4.871250E+1	1.195661E-3	1.951223E-1	1.193784E-1
4.887500E+1	1.310522E-3	4.253322E-1	3.437254E-1
4.903750E+1	1.238656E-3	4.294744E-1	-2.481012E-1
4.920000E+1	1.272963E-3	2.899049E-1	7.181720E-2
4.936250E+1	1.399270E-3	5.613542E-1	4.407725E-1
4.952500E+1	1.402947E-3	5.293627E-1	-3.540729E-1
4.968750E+1	1.121651E-3	4.064835E-1	8.404487E-2
4.985000E+1	1.282090E-3	7.163362E-1	5.539728E-1
5.001250E+1	1.416252E-3	5.906805E-1	-5.147233E-1
5.017500E+1	1.474799E-3	4.920936E-1	2.750400E-1
5.033750E+1	1.393816E-3	5.355029E-1	3.068506E-1
5.050000E+1	1.484508E-3	4.097529E-1	-3.257389E-1
5.066250E+1	1.453613E-3	2.429075E-1	1.544662E-1
5.082500E+1	1.374212E-3	3.369973E-1	1.929478E-1
5.098750E+1	1.269586E-3	2.141936E-1	-1.121233E-1
5.115000E+1	1.133902E-3	3.009148E-2	5.360782E-3
5.131250E+1	1.175487E-3	1.995938E-1	1.450729E-1
5.147500E+1	1.214362E-3	2.402471E-1	7.128862E-2
5.163750E+1	1.310562E-3	1.038578E-1	3.899903E-2
5.180000E+1	1.081324E-3	1.117404E-1	7.412464E-2
5.196250E+1	1.084715E-3	2.659137E-1	8.066214E-2
5.212500E+1	1.189205E-3	1.798232E-1	-8.113590E-2
5.228750E+1	1.364218E-3	1.869720E-1	1.781591E-1
5.245000E+1	1.244309E-3	2.839419E-1	7.914698E-2
5.261250E+1	1.245877E-3	8.453397E-2	-4.544224E-2
5.277500E+1	1.372504E-3	1.542858E-1	1.539847E-1
5.293750E+1	1.258395E-3	4.018026E-1	1.655138E-1
5.310000E+1	1.180981E-3	1.686839E-1	-1.455817E-1
5.326250E+1	1.173845E-3	2.557016E-1	2.421429E-1
5.342500E+1	1.107237E-3	3.536539E-1	8.388341E-2
5.358750E+1	1.186223E-3	2.112774E-1	-2.047414E-1
5.375000E+1	1.238181E-3	1.577037E-1	1.500347E-1
5.391250E+1	1.167780E-3	3.281391E-1	1.609068E-1
5.407500E+1	1.199554E-3	2.043197E-1	-1.516250E-1
5.423750E+1	1.312825E-3	1.439730E-1	1.200212E-1
5.440000E+1	1.359652E-3	2.890735E-1	1.348752E-1
5.456250E+1	1.243867E-3	1.538082E-1	-5.265634E-2
5.472500E+1	1.258605E-3	8.785839E-2	8.660830E-2
5.488750E+1	1.324377E-3	2.396472E-1	1.963052E-1
5.505000E+1	1.275334E-3	2.106378E-1	-4.183096E-2
5.521250E+1	1.082260E-3	4.796603E-2	-4.752121E-2
5.537500E+1	1.131749E-3	1.635190E-1	1.508798E-1
5.553750E+1	1.228091E-3	1.733368E-1	4.722131E-2
5.570000E+1	1.215111E-3	1.055624E-1	2.917736E-2
5.586250E+1	1.237000E-3	1.072446E-1	3.928416E-2
5.602500E+1	1.257110E-3	1.240510E-1	7.485126E-2
5.618750E+1	1.254902E-3	9.076703E-2	2.990200E-2
5.635000E+1	1.357953E-3	1.308024E-1	1.160160E-1
5.651250E+1	1.407780E-3	1.741644E-1	4.049145E-2
5.667500E+1	1.245379E-3	5.712518E-2	1.241205E-2
5.683750E+1	1.269289E-3	1.097890E-1	1.034607E-1
5.700000E+1	1.369115E-3	1.475847E-1	1.041473E-1
5.716250E+1	1.334914E-3	1.896096E-1	4.295588E-2
5.732500E+1	1.043759E-3	9.894431E-2	-7.134447E-2
5.748750E+1	1.103830E-3	1.222306E-1	1.121489E-1
5.765000E+1	1.210072E-3	2.386784E-1	1.959305E-1
5.781250E+1	1.296713E-3	2.303448E-1	2.583603E-2
5.797500E+1	1.155572E-3	1.328045E-1	-8.829082E-2
5.813750E+1	1.249851E-3	5.439950E-2	-1.482455E-2
5.830000E+1	1.341084E-3	1.262905E-1	1.129885E-1
5.846250E+1	1.380744E-3	1.708878E-1	4.386885E-2
5.862500E+1	1.448342E-3	1.447745E-1	-3.786262E-3
5.878750E+1	1.354230E-3	1.282762E-1	-1.106474E-3
5.895000E+1	1.321164E-3	5.175354E-2	3.461080E-2
5.911250E+1	1.418333E-3	1.842100E-1	1.202364E-1
5.927500E+1	1.325374E-3	1.853407E-1	-4.664132E-2
5.943750E+1	1.176515E-3	7.663319E-2	-6.889860E-2
5.960000E+1	1.162882E-3	1.058279E-1	1.011005E-1
5.976250E+1	1.333374E-3	1.700172E-1	1.049869E-1
5.992500E+1	1.286316E-3	1.031521E-1	1.653220E-3
6.008750E+1	1.173931E-3	7.133422E-2	4.153880E-2
6.025000E+1	1.328116E-3	1.207701E-1	2.965996E-2
6.041250E+1	1.485500E-3	1.348967E-1	-2.987167E-2
6.057500E+1	1.445476E-3	4.488998E-2	-3.799623E-2
6.073750E+1	1.364187E-3	1.020781E-1	1.019841E-1
6.090000E+1	1.395490E-3	1.836829E-1	1.422398E-1
6.106250E+1	1.350454E-3	1.531048E-1	6.821900E-2
6.122500E+1	1.377125E-3	1.189601E-1	-2.252877E-2
6.138750E+1	1.371916E-3	8.764236E-2	-7.017589E-2
6.155000E+1	1.247682E-3	6.579166E-2	4.912331E-2
6.171250E+1	1.185629E-3	2.093646E-1	2.012057E-1
6.187500E+1	1.410311E-3	2.408887E-1	1.124168E-1
6.203750E+1	1.534830E-3	2.128925E-1	-1.065307E-1
6.220000E+1	1.199498E-3	6.990980E-2	-6.984775E-2
6.236250E+1	1.314430E-3	1.539907E-1	1.538147E-1
6.252500E+1	1.611573E-3	2.236647E-1	1.144653E-1
6.268750E+1	1.530553E-3	2.026424E-1	-1.024522E-1
6.285000E+1	1.400596E-3	8.745760E-2	-8.638013E-2
6.301250E+1	1.444639E-3	1.154398E-1	1.098469E-1
6.317500E+1	1.481579E-3	1.456339E-1	1.277475E-1
6.333750E+1	1.492432E-3	9.159554E-2	4.734445E-2
6.350000E+1	1.398093E-3	1.756296E-1	1.146226E-1
6.366250E+1	1.340661E-3	2.456358E-1	1.262772E-1
6.382500E+1	1.351561E-3	1.242784E-1	2.170415E-2
6.398750E+1	1.405784E-3	7.537874E-2	-5.516290E-2
6.415000E+1	1.520364E-3	6.900501E-2	-4.936140E-2
6.431250E+1	1.495400E-3	7.199087E-2	6.839234E-2
6.447500E+1	1.398707E-3	1.844979E-1	1.844429E-1
6.463750E+1	1.584742E-3	1.620623E-1	1.134047E-1
6.480000E+1	1.689425E-3	1.572921E-1	-1.191527E-2
6.496250E+1	1.516933E-3	9.868114E-2	1.851862E-2
6.512500E+1	1.424981E-3	1.047663E-1	7.322821E-2
6.528750E+1	1.665359E-3	9.407789E-2	2.121595E-2
6.545000E+1	1.663125E-3	8.128917E-2	3.717446E-2
6.561250E+1	1.468246E-3	1.652086E-1	1.173502E-1
6.577500E+1	1.537578E-3	1.615009E-1	6.168692E-2
6.593750E+1	1.558173E-3	7.404725E-2	-1.400591E-2
6.610000E+1	1.567894E-3	5.794954E-2	4.543840E-2
6.626250E+1	1.633811E-3	1.410356E-1	1.073854E-1
6.642500E+1	1.626138E-3	1.644465E-1	6.741299E-2
6.658750E+1	1.583515E-3	1.739462E-1	-1.639295E-2
6.675000E+1	1.642661E-3	1.912593E-1	-1.147477E-1
6.691250E+1	1.835773E-3	1.862612E-1	-1.683273E-1
6.707500E+1	1.765075E-3	1.351176E-1	-1.350787E-1
6.723750E+1	1.592372E-3	7.116885E-2	-5.022896E-2
6.740000E+1	1.807830E-3	4.399223E-2	1.811991E-2
6.756250E+1	1.898864E-3	5.036523E-2	4.089594E-2
6.772500E+1	1.707566E-3	4.912945E-2	4.862611E-2
6.788750E+1	1.631576E-3	3.653097E-2	3.390995E-2
6.805000E+1	1.802316E-3	4.100718E-2	-1.719714E-2
6.821250E+1	1.872080E-3	6.787524E-2	-5.932347E-2
6.837500E+1	1.780966E-3	4.841449E-2	-4.769403E-2
6.853750E+1	1.820548E-3	2.274463E-2	-1.496812E-2
6.870000E+1	1.899191E-3	4.092681E-2	1.870430E-2
6.886250E+1	1.884681E-3	5.124077E-2	4.468875E-2
6.902500E+1	2.061438E-3	5.883972E-2	4.112962E-2
6.918750E+1	2.103457E-3	4.607849E-2	-2.888037E-2
6.935000E+1	1.903786E-3	1.022400E-1	-7.306491E-2
6.951250E+1	1.988657E-3	1.808973E-1	-1.676136E-2
6.967500E+1	2.222527E-3	2.106782E-1	1.161593E-1
6.983750E+1	2.240501E-3	2.599007E-1	2.409659E-1
7.000000E+1	1.971330E-3	1.959842E-1	1.924076E-1
