Freq (Hz)	PSD/Measured Spectrum: Power CH2 (Vrms/rtHz)	Freq Response Module (Vrms)	Freq Response Im part (Unitless Power)
5.000000E+0	3.655563E-2	6.485135E-1	-3.913190E-1
5.162500E+0	3.779685E-2	2.267289E+0	-1.859630E+0
5.325000E+0	3.510765E-2	2.482496E+0	-6.755928E-1
5.487500E+0	4.078765E-2	2.753383E+0	8.100021E-1
5.650000E+0	3.658529E-2	2.462894E+0	1.923371E+0
5.812500E+0	4.342092E-2	1.437429E+0	9.814050E-1
5.975000E+0	4.934167E-2	2.107889E+0	-3.931796E-1
6.137500E+0	4.535154E-2	3.071254E+0	-8.437201E-1
6.300000E+0	5.503774E-2	2.457208E+0	-1.161263E+0
6.462500E+0	5.478677E-2	4.183977E+0	-2.313944E+0
6.625000E+0	4.192768E-2	4.080877E+0	-2.034049E+0
6.787500E+0	5.460981E-2	2.835155E+0	-2.167017E+0
6.950000E+0	5.232120E-2	4.139310E+0	-3.864428E+0
7.112500E+0	6.067893E-2	5.577058E+0	-5.555056E+0
7.275000E+0	6.461116E-2	6.054953E+0	-6.050655E+0
7.437500E+0	5.833357E-2	4.645618E+0	-4.643636E+0
7.600000E+0	6.337988E-2	5.947543E+0	-5.787920E+0
7.762500E+0	6.141971E-2	5.504741E+0	-5.389175E+0
7.925000E+0	6.289377E-2	4.277547E+0	-3.842512E+0
8.087500E+0	6.099613E-2	3.836776E+0	-2.538283E+0
8.250000E+0	6.872663E-2	4.673571E+0	-3.994322E+0
8.412500E+0	6.305391E-2	3.641669E+0	-2.907722E+0
8.575000E+0	6.490856E-2	3.220236E+0	-3.126002E+0
8.737500E+0	6.424675E-2	3.136091E+0	-2.639268E+0
8.900000E+0	6.086823E-2	3.335679E+0	-3.199365E+0
9.062500E+0	5.135750E-2	5.104513E+0	-4.939699E+0
9.225000E+0	5.281099E-2	4.719113E+0	-3.995760E+0
9.387500E+0	4.763381E-2	6.981422E+0	-6.318108E+0
9.550000E+0	4.530807E-2	7.287606E+0	-5.965878E+0
9.712500E+0	4.238643E-2	6.367680E+0	-4.913000E+0
9.875000E+0	3.782962E-2	4.588307E+0	-2.759753E+0
1.003750E+1	3.734452E-2	4.343937E+0	-2.679538E+0
1.020000E+1	3.850414E-2	4.767424E+0	-2.667594E+0
1.036250E+1	3.909189E-2	5.242044E+0	-3.406236E+0
1.052500E+1	3.882039E-2	4.366557E+0	-2.975674E+0
1.068750E+1	3.318680E-2	4.388807E+0	-3.389335E+0
1.085000E+1	3.143428E-2	4.127418E+0	-2.890986E+0
1.101250E+1	2.816772E-2	4.577641E+0	-3.446264E+0
1.117500E+1	3.210567E-2	3.917418E+0	-2.234996E+0
1.133750E+1	3.140032E-2	4.603321E+0	-2.205073E+0
1.150000E+1	2.415392E-2	4.923289E+0	-2.550323E+0
1.166250E+1	2.322295E-2	5.360671E+0	-2.348936E+0
1.182500E+1	2.534502E-2	4.861841E+0	-2.241375E+0
1.198750E+1	2.242394E-2	3.918358E+0	-1.743972E+0
1.215000E+1	1.847180E-2	3.700758E+0	-1.164613E+0
1.231250E+1	2.088840E-2	4.158361E+0	-1.362835E+0
1.247500E+1	1.888439E-2	3.457880E+0	-1.569717E+0
1.263750E+1	2.590578E-2	4.441085E+0	-2.270518E+0
1.280000E+1	2.374357E-2	4.627464E+0	-1.552258E+0
1.296250E+1	1.893015E-2	4.602923E+0	-5.512757E-1
1.312500E+1	2.137302E-2	3.873368E+0	-5.826452E-1
1.328750E+1	2.163111E-2	3.122228E+0	3.261202E-1
1.345000E+1	1.339713E-2	2.881839E+0	-5.588568E-1
1.361250E+1	1.702258E-2	2.990532E+0	-1.238187E+0
1.377500E+1	2.077629E-2	3.449017E+0	-1.581599E+0
1.393750E+1	2.012082E-2	4.081967E+0	-1.653517E+0
1.410000E+1	1.893474E-2	3.649912E+0	-7.600967E-1
1.426250E+1	1.756396E-2	3.467795E+0	-2.066796E-1
1.442500E+1	1.489602E-2	2.148706E+0	-2.319267E-1
1.458750E+1	1.898018E-2	2.332062E+0	-9.674523E-1
1.475000E+1	1.751855E-2	2.696075E+0	-9.248042E-1
1.491250E+1	1.552979E-2	3.280923E+0	-1.227087E+0
1.507500E+1	1.733208E-2	3.548156E+0	-8.271646E-1
1.523750E+1	1.677704E-2	3.251243E+0	-2.161807E-1
1.540000E+1	1.666307E-2	2.428720E+0	-8.480312E-2
1.556250E+1	1.596198E-2	2.158755E+0	-3.152232E-2
1.572500E+1	1.650321E-2	2.096903E+0	-8.286421E-1
1.588750E+1	1.593543E-2	2.423774E+0	-7.835301E-1
1.605000E+1	1.755096E-2	3.003046E+0	-8.208397E-1
1.621250E+1	1.432365E-2	2.993151E+0	3.724363E-2
1.637500E+1	1.531484E-2	2.657450E+0	-9.662090E-2
1.653750E+1	1.292700E-2	1.870705E+0	-1.581928E-1
1.670000E+1	1.317894E-2	1.635837E+0	-2.343849E-1
1.686250E+1	1.329585E-2	2.039098E+0	-2.358058E-1
1.702500E+1	1.539288E-2	2.064352E+0	-9.833609E-2
1.718750E+1	1.245971E-2	1.777301E+0	2.229431E-1
1.735000E+1	1.379609E-2	1.631099E+0	-1.276305E-1
1.751250E+1	1.037444E-2	1.364007E+0	-5.695563E-1
1.767500E+1	1.230126E-2	1.818824E+0	-6.477739E-1
1.783750E+1	1.216861E-2	2.060050E+0	-3.616775E-1
1.800000E+1	1.148682E-2	1.523508E+0	1.938873E-1
1.816250E+1	1.187753E-2	9.897866E-1	-4.375584E-1
1.832500E+1	1.122235E-2	1.594625E+0	-8.575068E-1
1.848750E+1	1.272487E-2	2.028600E+0	-9.340913E-1
1.865000E+1	1.187993E-2	2.437219E+0	-3.169392E-1
1.881250E+1	1.064604E-2	1.767011E+0	2.691614E-1
1.897500E+1	1.267227E-2	1.179461E+0	-8.435398E-2
1.913750E+1	9.421943E-3	1.343289E+0	-4.303950E-1
1.930000E+1	1.155939E-2	2.030132E+0	-3.348761E-1
1.946250E+1	1.161751E-2	1.955045E+0	3.382140E-1
1.962500E+1	1.167861E-2	1.656636E+0	3.979121E-1
1.978750E+1	1.072981E-2	8.637206E-1	-8.819474E-2
1.995000E+1	1.536213E-2	1.416995E+0	1.536870E-1
2.011250E+1	1.074609E-2	1.905820E+0	4.065008E-1
2.027500E+1	1.381255E-2	1.709809E+0	8.466415E-1
2.043750E+1	1.082567E-2	1.826603E+0	7.383919E-1
2.060000E+1	1.343657E-2	1.559265E+0	3.445443E-1
2.076250E+1	1.279199E-2	1.869122E+0	5.245205E-1
2.092500E+1	1.340678E-2	1.878065E+0	7.886761E-1
2.108750E+1	1.406144E-2	1.590331E+0	3.661504E-1
2.125000E+1	1.305862E-2	1.450602E+0	4.445899E-1
2.141250E+1	1.520854E-2	1.778764E+0	8.018197E-1
2.157500E+1	1.479204E-2	1.155908E+0	9.884326E-1
2.173750E+1	1.415069E-2	2.220532E-1	-1.986824E-2
2.190000E+1	1.268978E-2	1.086712E+0	-6.122213E-1
2.206250E+1	1.355075E-2	1.242368E+0	3.643754E-1
2.222500E+1	1.183490E-2	8.710301E-1	8.457081E-1
2.238750E+1	1.407680E-2	2.535679E-1	2.182234E-1
2.255000E+1	1.193512E-2	9.102984E-1	-8.929146E-1
2.271250E+1	1.297955E-2	9.372758E-1	-5.754259E-1
2.287500E+1	1.299648E-2	7.889894E-1	-1.997724E-2
2.303750E+1	1.469001E-2	7.043259E-1	2.390514E-1
2.320000E+1	1.059110E-2	3.017223E-1	-6.225189E-2
2.336250E+1	1.101204E-2	7.549237E-1	-5.055637E-1
2.352500E+1	1.142094E-2	1.010062E+0	-2.243301E-1
2.368750E+1	9.508750E-3	6.353197E-1	1.938426E-1
2.385000E+1	1.119135E-2	1.245561E-1	-1.740300E-2
2.401250E+1	1.140945E-2	4.719159E-1	-4.368042E-1
2.417500E+1	9.801547E-3	5.982061E-1	-2.318189E-1
2.433750E+1	1.053794E-2	7.126024E-1	2.711830E-1
2.450000E+1	8.557756E-3	1.200666E-1	-1.172412E-1
2.466250E+1	7.029333E-3	4.149075E-1	-1.983762E-1
2.482500E+1	8.922079E-3	6.204921E-1	1.208638E-1
2.498750E+1	8.844258E-3	1.766766E-1	-1.616629E-1
2.515000E+1	8.690956E-3	2.911580E-1	-2.715773E-1
2.531250E+1	7.792315E-3	8.416529E-1	-4.666255E-1
2.547500E+1	6.751428E-3	9.070072E-1	2.298097E-1
2.563750E+1	6.882490E-3	2.712990E-1	6.856507E-2
2.580000E+1	6.022953E-3	4.977187E-1	-4.817762E-1
2.596250E+1	6.445486E-3	8.131450E-1	-4.767388E-1
2.612500E+1	6.319099E-3	5.398532E-1	2.847619E-1
2.628750E+1	5.619887E-3	9.227567E-2	-8.765382E-2
2.645000E+1	5.808576E-3	6.671637E-1	-6.382964E-1
2.661250E+1	4.982217E-3	7.399948E-1	-9.710482E-2
2.677500E+1	5.905316E-3	4.249898E-1	2.095721E-1
2.693750E+1	5.658858E-3	1.823014E-1	4.692655E-3
2.710000E+1	4.796396E-3	4.429159E-1	-1.015791E-1
2.726250E+1	4.571021E-3	3.353331E-1	9.518079E-2
2.742500E+1	4.863878E-3	1.275473E-1	-9.625787E-2
2.758750E+1	4.514699E-3	4.186281E-1	-1.127419E-1
2.775000E+1	3.773911E-3	4.069305E-1	5.360771E-2
2.791250E+1	3.803484E-3	3.038044E-1	1.101065E-1
2.807500E+1	4.812304E-3	2.145480E-1	-4.032079E-2
2.823750E+1	3.958806E-3	3.380690E-1	-1.455063E-1
2.840000E+1	3.443795E-3	2.595466E-1	1.549047E-2
2.856250E+1	3.384884E-3	1.213102E-1	-5.375197E-2
2.872500E+1	3.967377E-3	6.210015E-1	-4.834495E-1
2.888750E+1	4.495631E-3	7.534449E-1	1.360651E-1
2.905000E+1	4.020479E-3	9.812749E-2	8.119601E-2
2.921250E+1	4.304187E-3	7.938348E-1	-7.464360E-1
2.937500E+1	3.902444E-3	9.187802E-1	-1.922801E-1
2.953750E+1	4.266272E-3	3.778862E-1	1.691480E-1
2.970000E+1	3.495686E-3	4.441935E-1	-2.909995E-1
2.986250E+1	4.106017E-3	5.842076E-1	-3.832120E-2
3.002500E+1	3.605881E-3	4.731222E-1	-1.015283E-1
3.018750E+1	3.498730E-3	4.542083E-1	3.774067E-2
3.035000E+1	3.294860E-3	3.184220E-1	4.027271E-2
3.051250E+1	3.131665E-3	3.679482E-1	-1.493582E-1
3.067500E+1	3.527071E-3	3.666317E-1	7.977006E-2
3.083750E+1	3.354817E-3	3.144935E-1	-1.920996E-1
3.100000E+1	3.328038E-3	5.228605E-1	-1.265556E-1
3.116250E+1	3.372761E-3	3.314935E-1	-5.581842E-2
3.132500E+1	3.197313E-3	4.898393E-1	-2.941061E-1
3.148750E+1	3.489200E-3	4.942065E-1	-1.573642E-1
3.165000E+1	2.894313E-3	4.257027E-1	-1.501888E-1
3.181250E+1	3.187285E-3	4.711258E-1	-2.857283E-3
3.197500E+1	2.764698E-3	3.492125E-1	1.386166E-1
3.213750E+1	2.954618E-3	2.537106E-1	3.217078E-2
3.230000E+1	3.230366E-3	1.818821E-1	3.492862E-2
3.246250E+1	2.829751E-3	2.077744E-1	-4.969393E-2
3.262500E+1	3.280364E-3	3.735832E-1	3.169897E-1
3.278750E+1	3.424692E-3	2.116412E-1	2.453566E-3
3.295000E+1	2.844781E-3	4.067718E-1	-1.653955E-1
3.311250E+1	2.907360E-3	2.569754E-1	2.548122E-1
3.327500E+1	3.370597E-3	1.229761E-1	-9.078059E-2
3.343750E+1	3.004268E-3	3.825451E-1	3.681034E-1
3.360000E+1	2.429921E-3	4.229006E-1	-4.210653E-1
3.376250E+1	2.676761E-3	7.247186E-1	4.153912E-1
3.392500E+1	3.060301E-3	5.115930E-1	-6.891589E-2
3.408750E+1	3.019101E-3	9.141533E-1	-3.004110E-1
3.425000E+1	2.942453E-3	4.663298E-1	4.652224E-1
3.441250E+1	2.328549E-3	8.187618E-1	-7.321223E-1
3.457500E+1	2.932020E-3	6.423786E-1	4.681630E-1
3.473750E+1	2.926827E-3	4.764402E-1	-4.700055E-1
3.490000E+1	2.562348E-3	7.616979E-1	1.591184E-1
3.506250E+1	2.514035E-3	9.149724E-2	-1.356835E-2
3.522500E+1	2.718649E-3	5.054597E-1	-8.402957E-2
3.538750E+1	2.301302E-3	5.900149E-2	-2.670550E-2
3.555000E+1	2.863148E-3	6.652374E-1	-9.725141E-2
3.571250E+1	2.462584E-3	2.657540E-1	2.530164E-1
3.587500E+1	2.384257E-3	5.545257E-1	-2.835874E-1
3.603750E+1	2.929670E-3	3.546394E-1	2.250945E-1
3.620000E+1	2.818123E-3	4.445976E-1	-3.356167E-1
3.636250E+1	2.251096E-3	3.862547E-1	1.826030E-1
3.652500E+1	2.813817E-3	4.120734E-1	-3.156011E-1
3.668750E+1	2.610422E-3	6.032804E-1	7.843616E-2
3.685000E+1	2.578166E-3	2.336852E-1	-2.039789E-1
3.701250E+1	2.211405E-3	5.739568E-1	-2.073402E-1
3.717500E+1	2.225649E-3	2.613860E-1	2.091308E-1
3.733750E+1	2.693234E-3	2.675037E-1	-2.081376E-1
3.750000E+1	2.505100E-3	5.496394E-1	1.558194E-1
3.766250E+1	2.256927E-3	7.382258E-2	-6.290738E-2
3.782500E+1	2.672368E-3	6.280954E-1	7.864189E-3
3.798750E+1	2.971063E-3	1.196396E-1	9.316400E-2
3.815000E+1	2.517238E-3	5.023080E-1	-2.373700E-1
3.831250E+1	2.042777E-3	1.502234E-1	9.624869E-2
3.847500E+1	2.183130E-3	3.266824E-1	-1.767850E-1
3.863750E+1	2.563247E-3	2.026064E-1	-6.902151E-3
3.880000E+1	2.332315E-3	2.462093E-1	3.076324E-3
3.896250E+1	1.959789E-3	3.793321E-1	-5.435210E-2
3.912500E+1	2.419398E-3	3.862035E-1	3.004872E-1
3.928750E+1	2.519102E-3	3.658149E-1	-1.330427E-1
3.945000E+1	2.678744E-3	3.776300E-1	3.296372E-1
3.961250E+1	2.238038E-3	2.572511E-1	-1.460917E-1
3.977500E+1	2.480016E-3	3.876354E-1	3.585621E-1
3.993750E+1	2.400527E-3	3.129917E-1	-2.750828E-2
4.010000E+1	2.296339E-3	3.645989E-1	3.351675E-1
4.026250E+1	2.245319E-3	3.073226E-1	1.791253E-1
4.042500E+1	2.162824E-3	9.848207E-2	4.385254E-2
4.058750E+1	2.728265E-3	2.883598E-1	1.148015E-1
4.075000E+1	2.099842E-3	1.717467E-1	-1.555929E-1
4.091250E+1	2.144809E-3	3.975574E-1	3.027259E-1
4.107500E+1	2.681049E-3	2.858793E-1	-2.847934E-1
4.123750E+1	2.646980E-3	5.117562E-1	4.291638E-1
4.140000E+1	2.438874E-3	1.798588E-1	-1.497098E-1
4.156250E+1	1.784867E-3	4.319881E-1	4.217423E-1
4.172500E+1	2.213278E-3	2.644917E-1	-1.964629E-1
4.188750E+1	2.283244E-3	2.315795E-1	2.311489E-1
4.205000E+1	2.107317E-3	2.802837E-1	-6.607493E-2
4.221250E+1	1.937277E-3	8.788585E-2	5.111000E-2
4.237500E+1	2.390551E-3	2.391310E-1	7.948510E-2
4.253750E+1	2.325672E-3	1.688662E-1	-1.314137E-1
4.270000E+1	2.094051E-3	3.317641E-1	1.561515E-1
4.286250E+1	2.134716E-3	2.668344E-1	-1.916665E-1
4.302500E+1	2.093268E-3	2.899779E-1	6.849734E-2
4.318750E+1	2.400733E-3	3.225693E-1	-8.849411E-2
4.335000E+1	2.160670E-3	3.707046E-1	2.381226E-1
4.351250E+1	1.857201E-3	1.386409E-1	2.719091E-2
4.367500E+1	2.017258E-3	3.214710E-1	9.880348E-2
4.383750E+1	2.298657E-3	1.942424E-1	1.853406E-1
4.400000E+1	2.077249E-3	3.564551E-1	-1.582988E-2
4.416250E+1	1.851001E-3	2.927793E-1	1.485107E-1
4.432500E+1	2.258451E-3	4.832741E-1	-3.456824E-2
4.448750E+1	2.352492E-3	3.065886E-1	1.454526E-1
4.465000E+1	2.067545E-3	4.669026E-1	-3.474796E-2
4.481250E+1	1.892184E-3	1.152419E-1	1.100301E-1
4.497500E+1	2.128066E-3	4.358126E-1	1.987236E-2
4.513750E+1	2.190864E-3	1.713969E-1	1.684363E-1
4.530000E+1	1.867020E-3	2.629491E-1	5.268646E-2
4.546250E+1	1.902757E-3	9.873004E-2	9.798714E-2
4.562500E+1	1.916265E-3	1.380923E-1	7.235032E-2
4.578750E+1	2.290184E-3	1.256742E-1	1.070246E-1
4.595000E+1	2.147837E-3	8.524016E-2	1.104321E-2
4.611250E+1	1.818987E-3	1.842086E-1	1.680818E-1
4.627500E+1	1.940822E-3	1.826436E-1	-1.320184E-1
4.643750E+1	2.206735E-3	5.200608E-2	-4.947276E-2
4.660000E+1	1.897871E-3	3.765909E-1	2.683281E-2
4.676250E+1	1.942592E-3	1.818029E-1	-1.030468E-1
4.692500E+1	2.115420E-3	3.358623E-1	2.689216E-1
4.708750E+1	2.259340E-3	7.675292E-2	-3.866098E-2
4.725000E+1	2.065817E-3	1.220141E-1	8.561522E-2
4.741250E+1	2.124682E-3	1.815605E-1	-5.727009E-2
4.757500E+1	2.038336E-3	8.888761E-2	-2.889038E-2
4.773750E+1	2.309597E-3	2.742118E-1	1.366811E-1
4.790000E+1	1.805300E-3	1.487226E-1	-6.806010E-2
4.806250E+1	2.089565E-3	2.256212E-1	2.105498E-1
4.822500E+1	2.057815E-3	2.560899E-1	3.398136E-2
4.838750E+1	1.989186E-3	1.503290E-1	-1.069114E-1
4.855000E+1	1.982112E-3	1.235091E-1	9.962151E-2
4.871250E+1	2.017030E-3	2.654330E-1	-1.846488E-1
4.887500E+1	2.052998E-3	1.797091E-1	4.438185E-2
4.903750E+1	1.949170E-3	2.927565E-1	5.875459E-2
4.920000E+1	2.128250E-3	3.055253E-1	2.618930E-1
4.936250E+1	1.821416E-3	1.835001E-1	2.386786E-2
4.952500E+1	1.959979E-3	2.786198E-1	3.995767E-2
4.968750E+1	2.220899E-3	3.565041E-1	1.654805E-1
4.985000E+1	1.831797E-3	3.421355E-1	-3.028501E-1
5.001250E+1	2.057974E-3	2.007810E-1	1.751345E-1
5.017500E+1	1.867861E-3	3.511087E-1	1.389365E-1
5.033750E+1	1.780381E-3	1.265274E-1	3.792890E-2
5.050000E+1	1.969558E-3	1.625929E-2	1.066768E-3
5.066250E+1	1.805427E-3	1.726759E-1	1.695258E-1
5.082500E+1	1.920353E-3	2.487346E-1	-4.478291E-3
5.098750E+1	2.009693E-3	6.911702E-2	-5.483000E-2
5.115000E+1	2.008144E-3	1.538179E-1	1.364767E-1
5.131250E+1	1.851448E-3	2.511657E-1	1.555223E-1
5.147500E+1	2.038321E-3	9.000036E-2	-7.431648E-2
5.163750E+1	1.937677E-3	8.331367E-2	7.972668E-2
5.180000E+1	1.867771E-3	2.285825E-1	-1.198075E-1
5.196250E+1	2.152283E-3	2.811516E-2	-2.811511E-2
5.212500E+1	1.851128E-3	2.941731E-1	1.912517E-1
5.228750E+1	1.915572E-3	2.363748E-1	-1.081571E-2
5.245000E+1	1.919417E-3	9.929020E-2	7.890787E-2
5.261250E+1	1.999103E-3	2.943742E-1	2.832400E-1
5.277500E+1	1.897744E-3	2.193687E-1	-1.134023E-2
5.293750E+1	2.033231E-3	1.006820E-1	-5.149987E-2
5.310000E+1	1.783738E-3	7.221277E-2	7.161815E-2
5.326250E+1	1.820184E-3	1.825083E-1	-3.848245E-2
5.342500E+1	1.730028E-3	1.033806E-1	-1.016491E-1
5.358750E+1	1.662688E-3	2.306577E-1	1.783712E-1
5.375000E+1	2.147584E-3	2.144680E-1	-3.260947E-2
5.391250E+1	1.892628E-3	5.916665E-2	-7.907692E-3
5.407500E+1	1.832323E-3	3.170732E-1	2.958947E-1
5.423750E+1	1.941085E-3	4.551099E-1	-1.928615E-1
5.440000E+1	1.960372E-3	1.080387E-1	1.524708E-2
5.456250E+1	1.906653E-3	4.079963E-1	3.083828E-1
5.472500E+1	1.748934E-3	2.977356E-1	-1.192665E-1
5.488750E+1	1.831284E-3	1.346784E-1	7.983638E-2
5.505000E+1	1.766806E-3	1.839157E-1	1.286536E-1
5.521250E+1	1.920527E-3	1.595770E-1	1.056074E-2
5.537500E+1	1.601840E-3	1.690208E-1	-2.448973E-3
5.553750E+1	1.858220E-3	1.092188E-1	8.487660E-2
5.570000E+1	2.029107E-3	2.108030E-1	1.757898E-1
5.586250E+1	1.945843E-3	6.343728E-2	4.123206E-2
5.602500E+1	2.018549E-3	6.343383E-2	5.486277E-2
5.618750E+1	1.806744E-3	2.277604E-1	2.974650E-2
5.635000E+1	1.865396E-3	2.625982E-1	-2.201526E-1
5.651250E+1	1.739414E-3	1.632609E-1	1.608839E-1
5.667500E+1	1.530395E-3	2.483575E-1	8.399837E-2
5.683750E+1	1.720884E-3	1.204023E-1	-1.179285E-1
5.700000E+1	2.026164E-3	1.662228E-1	1.659337E-1
5.716250E+1	1.952900E-3	3.485184E-1	1.728679E-1
5.732500E+1	1.765852E-3	1.269983E-1	-9.025348E-2
5.748750E+1	2.129364E-3	1.464727E-1	-4.349635E-2
5.765000E+1	2.092351E-3	1.004085E-1	9.805240E-2
5.781250E+1	2.008923E-3	2.846982E-1	3.523558E-2
5.797500E+1	1.671325E-3	1.724380E-1	6.433259E-3
5.813750E+1	1.453466E-3	1.026058E-1	1.025904E-1
5.830000E+1	1.817799E-3	8.434211E-2	5.187885E-2
5.846250E+1	1.766272E-3	7.920140E-2	3.667603E-2
5.862500E+1	1.615767E-3	9.929693E-2	9.273780E-2
5.878750E+1	2.004273E-3	3.726261E-2	3.726214E-2
5.895000E+1	2.171196E-3	6.281443E-2	-6.280980E-2
5.911250E+1	2.081699E-3	1.676402E-1	-6.570913E-3
5.927500E+1	1.901063E-3	1.857181E-1	2.562090E-2
5.943750E+1	1.870513E-3	8.091984E-2	2.530216E-2
5.960000E+1	1.876130E-3	1.253748E-1	1.040926E-1
5.976250E+1	1.683156E-3	1.808621E-1	1.196786E-1
5.992500E+1	1.407174E-3	8.779190E-2	6.813270E-2
6.008750E+1	1.779774E-3	9.690370E-2	3.871879E-2
6.025000E+1	2.168217E-3	1.382821E-1	1.099149E-1
6.041250E+1	1.951238E-3	2.252734E-1	1.394012E-1
6.057500E+1	1.919336E-3	2.042204E-1	3.061262E-2
6.073750E+1	1.999544E-3	1.436498E-2	1.083385E-2
6.090000E+1	2.080384E-3	1.229017E-1	8.896080E-2
6.106250E+1	1.860598E-3	1.216300E-1	2.369094E-2
6.122500E+1	1.629614E-3	1.362381E-1	-1.028903E-1
6.138750E+1	1.715554E-3	3.342278E-2	1.935315E-2
6.155000E+1	1.891257E-3	1.722787E-1	1.681596E-1
6.171250E+1	1.866292E-3	1.320678E-1	7.474535E-2
6.187500E+1	1.885260E-3	1.125303E-1	-3.090532E-2
6.203750E+1	2.031670E-3	1.126495E-1	-8.466170E-2
6.220000E+1	2.038338E-3	1.266703E-1	-4.156137E-2
6.236250E+1	1.830035E-3	1.744172E-1	-8.220481E-2
6.252500E+1	1.744267E-3	5.041022E-2	-4.373800E-2
6.268750E+1	1.967934E-3	4.046690E-2	-1.085884E-3
6.285000E+1	2.093883E-3	9.832724E-2	3.403353E-2
6.301250E+1	1.816679E-3	1.548027E-1	4.666307E-2
6.317500E+1	1.697878E-3	8.170685E-2	7.799487E-2
6.333750E+1	1.977141E-3	1.438416E-1	1.401302E-1
6.350000E+1	1.993906E-3	1.634104E-1	7.135917E-2
6.366250E+1	1.907733E-3	1.673948E-1	-6.501698E-3
6.382500E+1	1.954532E-3	8.517570E-2	-8.254042E-2
6.398750E+1	2.049247E-3	5.703517E-2	-3.746091E-2
6.415000E+1	2.123939E-3	6.981729E-2	2.969440E-2
6.431250E+1	2.034116E-3	8.862416E-2	-6.914973E-2
6.447500E+1	1.818291E-3	6.863072E-2	-3.620380E-2
6.463750E+1	1.959014E-3	1.237744E-1	1.075178E-1
6.480000E+1	2.094079E-3	1.692166E-1	1.644098E-1
6.496250E+1	1.926086E-3	2.050812E-1	1.843374E-1
6.512500E+1	2.020248E-3	7.016893E-2	4.288192E-2
6.528750E+1	2.227189E-3	9.068425E-2	-8.816134E-2
6.545000E+1	2.006385E-3	1.679764E-1	-5.734445E-2
6.561250E+1	1.837427E-3	1.372848E-1	-6.185225E-2
6.577500E+1	1.946343E-3	1.397454E-1	-4.481167E-2
6.593750E+1	2.098163E-3	2.079636E-1	1.248597E-1
6.610000E+1	2.268908E-3	2.595681E-1	2.523871E-1
6.626250E+1	2.098731E-3	3.297823E-1	1.512012E-1
6.642500E+1	2.109508E-3	2.083253E-1	-3.525526E-2
6.658750E+1	2.331140E-3	6.269871E-2	-6.269728E-2
6.675000E+1	2.204307E-3	5.312587E-2	-5.221901E-2
6.691250E+1	2.027756E-3	7.507861E-2	-6.612780E-2
6.707500E+1	2.028492E-3	5.485046E-2	-6.227992E-3
6.723750E+1	2.123044E-3	1.139617E-1	1.131304E-1
6.740000E+1	2.255468E-3	1.009672E-1	8.078900E-2
6.756250E+1	2.286204E-3	9.778558E-2	9.773590E-2
6.772500E+1	2.374982E-3	1.986402E-1	1.552180E-1
6.788750E+1	2.491577E-3	1.709877E-1	1.030614E-1
6.805000E+1	2.183950E-3	1.255878E-1	7.487447E-2
6.821250E+1	2.167241E-3	1.993182E-1	5.648131E-2
6.837500E+1	2.240196E-3	1.972966E-1	5.391351E-2
6.853750E+1	2.284480E-3	9.933324E-2	2.834859E-2
6.870000E+1	2.483792E-3	8.228485E-2	-7.889495E-3
6.886250E+1	2.371108E-3	1.202190E-1	2.220818E-2
6.902500E+1	2.572820E-3	1.136976E-1	9.244473E-2
6.918750E+1	2.586683E-3	1.467068E-1	3.504357E-2
6.935000E+1	2.527109E-3	2.876300E-1	1.207531E-3
6.951250E+1	2.331306E-3	2.255748E-1	1.070452E-1
6.967500E+1	2.409758E-3	8.961093E-2	8.959174E-2
6.983750E+1	2.811517E-3	2.061740E-1	-1.917692E-1
7.000000E+1	2.600514E-3	3.454453E-1	-2.932718E-1
