Freq (Hz)	PSD/Measured Spectrum: Power CH2 (Vrms/rtHz)	Freq Response Module (Vrms)	Freq Response Im part (Unitless Power)
1.000000E+1	1.988116E-2	4.383270E+0	-1.835955E+0
1.011250E+1	2.434796E-2	3.948297E+0	-2.614077E+0
1.022500E+1	2.297537E-2	5.463734E+0	-4.108627E+0
1.033750E+1	2.759385E-2	5.966534E+0	-4.894713E+0
1.045000E+1	2.488163E-2	6.490114E+0	-5.652175E+0
1.056250E+1	3.147536E-2	6.691312E+0	-6.058502E+0
1.067500E+1	2.469585E-2	6.549272E+0	-6.193179E+0
1.078750E+1	3.722503E-2	6.688091E+0	-6.374012E+0
1.090000E+1	3.240113E-2	6.834502E+0	-6.689530E+0
1.101250E+1	3.022009E-2	7.044272E+0	-7.029738E+0
1.112500E+1	3.287354E-2	7.030301E+0	-6.981235E+0
1.123750E+1	3.331026E-2	7.690460E+0	-7.574088E+0
1.135000E+1	3.510922E-2	6.956080E+0	-6.641589E+0
1.146250E+1	3.810747E-2	7.463491E+0	-6.672927E+0
1.157500E+1	3.307418E-2	8.323748E+0	-6.856318E+0
1.168750E+1	3.109851E-2	7.968183E+0	-6.784998E+0
1.180000E+1	3.764235E-2	7.667795E+0	-6.271790E+0
1.191250E+1	3.318955E-2	8.266514E+0	-6.490757E+0
1.202500E+1	3.592870E-2	7.184885E+0	-5.523559E+0
1.213750E+1	3.832563E-2	5.640359E+0	-4.119201E+0
1.225000E+1	3.360276E-2	6.302660E+0	-4.699123E+0
1.236250E+1	3.539345E-2	5.713387E+0	-4.375818E+0
1.247500E+1	3.763459E-2	5.550752E+0	-4.419754E+0
1.258750E+1	2.624652E-2	5.864994E+0	-5.218558E+0
1.270000E+1	3.133849E-2	5.984832E+0	-5.271149E+0
1.281250E+1	3.483128E-2	6.994620E+0	-5.926941E+0
1.292500E+1	2.990201E-2	7.484259E+0	-5.900604E+0
1.303750E+1	2.515496E-2	8.202904E+0	-4.957723E+0
1.315000E+1	2.786445E-2	7.945691E+0	-4.492169E+0
1.326250E+1	2.542217E-2	8.071549E+0	-3.587490E+0
1.337500E+1	2.833329E-2	7.056057E+0	-2.732015E+0
1.348750E+1	2.230202E-2	6.373515E+0	-2.345327E+0
1.360000E+1	2.075612E-2	5.743572E+0	-2.195730E+0
1.371250E+1	1.839407E-2	5.304633E+0	-2.047399E+0
1.382500E+1	2.178245E-2	4.927882E+0	-2.019234E+0
1.393750E+1	2.257793E-2	4.387805E+0	-2.242370E+0
1.405000E+1	1.665045E-2	4.731304E+0	-2.272723E+0
1.416250E+1	2.011644E-2	5.114758E+0	-2.508437E+0
1.427500E+1	1.738156E-2	5.164601E+0	-2.281599E+0
1.438750E+1	2.295122E-2	5.154017E+0	-1.797162E+0
1.450000E+1	1.820320E-2	4.721832E+0	-9.116975E-1
1.461250E+1	1.902330E-2	4.304623E+0	-3.278425E-1
1.472500E+1	1.655563E-2	3.754224E+0	-1.501701E-1
1.483750E+1	2.004811E-2	3.274500E+0	-4.248836E-1
1.495000E+1	1.672977E-2	3.023640E+0	-6.527373E-1
1.506250E+1	1.616585E-2	3.163829E+0	-1.198576E+0
1.517500E+1	1.418694E-2	3.419910E+0	-1.180020E+0
1.528750E+1	1.280572E-2	3.409230E+0	-1.124790E+0
1.540000E+1	1.179069E-2	3.808122E+0	-1.112554E+0
1.551250E+1	1.257068E-2	3.694946E+0	-2.786417E-1
1.562500E+1	1.102582E-2	3.131448E+0	1.062791E-1
1.573750E+1	1.098492E-2	2.591506E+0	-3.613102E-2
1.585000E+1	1.273995E-2	2.366238E+0	-1.578854E-1
1.596250E+1	1.088822E-2	2.284545E+0	-3.069288E-1
1.607500E+1	9.769326E-3	2.541153E+0	-5.947127E-1
1.618750E+1	7.254378E-3	2.809936E+0	-4.652990E-1
1.630000E+1	1.043752E-2	2.866496E+0	-1.864708E-1
1.641250E+1	1.035635E-2	2.348788E+0	7.574268E-3
1.652500E+1	8.087884E-3	1.763331E+0	-6.549893E-2
1.663750E+1	1.017581E-2	1.691473E+0	-2.012732E-1
1.675000E+1	1.020028E-2	1.717110E+0	-5.363911E-1
1.686250E+1	9.793656E-3	1.988511E+0	-7.959841E-1
1.697500E+1	8.438270E-3	2.319306E+0	-7.058900E-1
1.708750E+1	8.795660E-3	2.351361E+0	-4.382274E-1
1.720000E+1	8.214942E-3	1.979430E+0	-8.336022E-2
1.731250E+1	8.845654E-3	1.792508E+0	-1.957481E-2
1.742500E+1	7.670181E-3	1.641001E+0	-1.608079E-1
1.753750E+1	6.954609E-3	1.798055E+0	-2.259097E-1
1.765000E+1	7.240351E-3	1.878795E+0	-3.595974E-1
1.776250E+1	7.262249E-3	1.934030E+0	-1.485057E-1
1.787500E+1	6.374635E-3	1.643878E+0	-1.278427E-1
1.798750E+1	5.906370E-3	1.648226E+0	-9.323307E-2
1.810000E+1	5.726230E-3	1.679094E+0	-1.972311E-1
1.821250E+1	5.537565E-3	1.718755E+0	-2.129094E-1
1.832500E+1	6.531246E-3	1.651370E+0	-7.617584E-2
1.843750E+1	6.908305E-3	1.608921E+0	1.592980E-1
1.855000E+1	6.095326E-3	1.166366E+0	1.365109E-1
1.866250E+1	5.701986E-3	1.035066E+0	-7.775595E-2
1.877500E+1	6.277544E-3	1.287286E+0	-4.644411E-1
1.888750E+1	6.208892E-3	1.442132E+0	-4.109239E-1
1.900000E+1	5.533778E-3	1.656843E+0	-1.307297E-1
1.911250E+1	5.326964E-3	1.615285E+0	1.005620E-1
1.922500E+1	5.530393E-3	1.315242E+0	1.111384E-1
1.933750E+1	4.991920E-3	1.158651E+0	2.185549E-2
1.945000E+1	5.901213E-3	1.151987E+0	-2.736954E-1
1.956250E+1	5.084714E-3	1.360449E+0	-1.826816E-1
1.967500E+1	5.074224E-3	1.324194E+0	-9.704507E-2
1.978750E+1	5.965349E-3	1.081769E+0	7.894809E-3
1.990000E+1	6.235218E-3	1.216556E+0	1.071528E-2
2.001250E+1	5.844301E-3	1.106405E+0	-8.066950E-2
2.012500E+1	4.720591E-3	1.116601E+0	-1.001576E-1
2.023750E+1	6.404465E-3	1.121237E+0	2.289875E-2
2.035000E+1	5.599430E-3	1.151376E+0	2.296218E-2
2.046250E+1	5.425346E-3	1.125112E+0	1.167633E-2
2.057500E+1	5.531249E-3	9.441261E-1	1.094867E-1
2.068750E+1	4.738767E-3	9.411351E-1	5.009554E-2
2.080000E+1	4.549954E-3	9.972171E-1	-4.912888E-2
2.091250E+1	4.378905E-3	9.065695E-1	-2.444085E-1
2.102500E+1	5.033316E-3	1.107583E+0	-1.577208E-1
2.113750E+1	5.286653E-3	1.090930E+0	9.461275E-2
2.125000E+1	5.875511E-3	9.179972E-1	1.794906E-1
2.136250E+1	5.111581E-3	6.510757E-1	1.432562E-2
2.147500E+1	6.191637E-3	8.862063E-1	-3.392229E-1
2.158750E+1	4.848695E-3	1.228984E+0	-5.875182E-2
2.170000E+1	4.570797E-3	1.055004E+0	2.844700E-1
2.181250E+1	5.094963E-3	5.188372E-1	1.507530E-1
2.192500E+1	4.325604E-3	8.484499E-1	-2.724476E-1
2.203750E+1	5.158126E-3	1.100131E+0	-1.569473E-1
2.215000E+1	4.929426E-3	9.372222E-1	2.621467E-1
2.226250E+1	4.835494E-3	5.439367E-1	1.969242E-1
2.237500E+1	5.821378E-3	7.476137E-1	-2.388907E-1
2.248750E+1	5.215574E-3	1.002143E+0	-1.385124E-1
2.260000E+1	5.496971E-3	9.811649E-1	1.443869E-1
2.271250E+1	5.253234E-3	7.155541E-1	-4.163235E-2
2.282500E+1	5.470896E-3	9.480106E-1	-7.441080E-2
2.293750E+1	5.651059E-3	8.261541E-1	1.802763E-1
2.305000E+1	4.961728E-3	4.732976E-1	-1.363112E-1
2.316250E+1	5.039732E-3	8.845653E-1	-2.476188E-1
2.327500E+1	5.887071E-3	1.131474E+0	1.059658E-1
2.338750E+1	5.533509E-3	5.485606E-1	2.074407E-1
2.350000E+1	5.497236E-3	4.830134E-1	-3.543732E-1
2.361250E+1	5.122588E-3	1.023076E+0	-2.618936E-1
2.372500E+1	4.441199E-3	9.078203E-1	3.388178E-1
2.383750E+1	5.823169E-3	2.632078E-1	3.134985E-2
2.395000E+1	5.735978E-3	7.624765E-1	-4.929447E-1
2.406250E+1	5.653583E-3	1.047814E+0	6.996357E-3
2.417500E+1	5.112390E-3	6.486714E-1	3.188744E-1
2.428750E+1	6.137595E-3	3.464364E-1	-1.076075E-1
2.440000E+1	4.578126E-3	7.283989E-1	-2.612299E-1
2.451250E+1	6.155433E-3	7.819193E-1	-6.717663E-2
2.462500E+1	5.609981E-3	5.828274E-1	-3.885083E-2
2.473750E+1	5.993222E-3	5.271515E-1	-1.040767E-1
2.485000E+1	6.288089E-3	5.531273E-1	-1.787968E-1
2.496250E+1	7.118837E-3	6.529110E-1	-1.932653E-2
2.507500E+1	6.606995E-3	5.594997E-1	1.094154E-1
2.518750E+1	5.842957E-3	4.482682E-1	-1.356449E-1
2.530000E+1	8.135271E-3	7.908763E-1	-2.354650E-1
2.541250E+1	6.216691E-3	6.858290E-1	7.616024E-2
2.552500E+1	6.592466E-3	4.482774E-1	-2.639158E-1
2.563750E+1	7.754875E-3	7.587244E-1	-2.179120E-1
2.575000E+1	6.042980E-3	8.137317E-1	1.373065E-1
2.586250E+1	7.433831E-3	3.241203E-1	-2.896179E-1
2.597500E+1	6.041184E-3	9.729537E-1	-4.633470E-1
2.608750E+1	6.256919E-3	8.411193E-1	1.974574E-1
2.620000E+1	7.831573E-3	1.679598E-1	-1.765385E-2
2.631250E+1	7.950664E-3	8.811887E-1	-5.971676E-1
2.642500E+1	6.635388E-3	1.023585E+0	1.147124E-1
2.653750E+1	6.920832E-3	2.263126E-1	4.254102E-2
2.665000E+1	7.069461E-3	7.106397E-1	-4.319814E-1
2.676250E+1	7.057952E-3	9.141963E-1	-6.689060E-2
2.687500E+1	6.087539E-3	4.678414E-1	1.812136E-1
2.698750E+1	5.777002E-3	6.312757E-1	-2.656916E-1
2.710000E+1	6.523524E-3	8.179104E-1	-1.416354E-1
2.721250E+1	5.421044E-3	7.397306E-1	-2.854372E-2
2.732500E+1	5.920156E-3	5.142286E-1	3.184912E-2
2.743750E+1	5.773775E-3	7.491530E-1	-4.125043E-1
2.755000E+1	6.116082E-3	7.383606E-1	1.774140E-1
2.766250E+1	4.468629E-3	4.087444E-1	-1.339289E-2
2.777500E+1	5.922103E-3	6.285105E-1	-1.659378E-1
2.788750E+1	4.501014E-3	8.079422E-1	1.743455E-1
2.800000E+1	5.468141E-3	3.922410E-1	-1.064648E-1
2.811250E+1	3.719802E-3	6.703851E-1	-1.919922E-1
2.822500E+1	4.490936E-3	7.709792E-1	1.476603E-1
2.833750E+1	3.395268E-3	3.629888E-1	-4.367068E-2
2.845000E+1	4.232983E-3	7.076520E-1	-7.986914E-2
2.856250E+1	4.007806E-3	6.093740E-1	2.245581E-1
2.867500E+1	3.249406E-3	4.690341E-1	-5.439663E-2
2.878750E+1	3.015503E-3	7.100184E-1	4.033681E-2
2.890000E+1	3.186243E-3	4.944762E-1	1.083350E-1
2.901250E+1	3.216522E-3	5.117250E-1	4.371272E-2
2.912500E+1	2.958673E-3	5.245559E-1	5.485795E-2
2.923750E+1	2.937617E-3	6.146539E-1	9.988666E-3
2.935000E+1	2.640929E-3	4.426481E-1	1.696285E-1
2.946250E+1	3.212012E-3	4.827879E-1	-1.827375E-1
2.957500E+1	2.880808E-3	8.149745E-1	2.257955E-1
2.968750E+1	2.751506E-3	2.084804E-1	1.515605E-1
2.980000E+1	2.087570E-3	8.082660E-1	-3.190316E-1
2.991250E+1	2.547688E-3	6.386467E-1	4.688860E-1
3.002500E+1	2.293976E-3	4.179335E-1	-3.028030E-1
3.013750E+1	2.384233E-3	8.159590E-1	2.661316E-1
3.025000E+1	2.389306E-3	1.193113E-1	1.106459E-2
3.036250E+1	2.045925E-3	7.870947E-1	-2.856393E-2
3.047500E+1	2.029363E-3	3.662868E-1	2.901883E-1
3.058750E+1	2.094286E-3	6.045603E-1	-2.156113E-1
3.070000E+1	2.011849E-3	4.978004E-1	3.038165E-1
3.081250E+1	1.893101E-3	4.346384E-1	-1.785887E-1
3.092500E+1	1.971572E-3	5.843875E-1	3.206125E-1
3.103750E+1	2.051429E-3	2.865803E-1	-1.191964E-1
3.115000E+1	1.759015E-3	6.222509E-1	2.027867E-1
3.126250E+1	1.829055E-3	1.652520E-1	6.699196E-3
3.137500E+1	1.438605E-3	6.042128E-1	1.050975E-1
3.148750E+1	1.682868E-3	2.327343E-1	7.941824E-2
3.160000E+1	1.311425E-3	5.807103E-1	1.114798E-3
3.171250E+1	1.641928E-3	2.946310E-1	2.022966E-1
3.182500E+1	1.617129E-3	5.078313E-1	-4.205904E-2
3.193750E+1	1.590667E-3	3.523949E-1	2.220561E-1
3.205000E+1	1.466112E-3	4.645911E-1	-1.239740E-1
3.216250E+1	1.546487E-3	4.613580E-1	2.451049E-1
3.227500E+1	1.485390E-3	3.355834E-1	-7.705564E-2
3.238750E+1	1.451272E-3	5.083801E-1	1.963524E-1
3.250000E+1	1.377576E-3	2.260315E-1	-3.192538E-2
3.261250E+1	1.482860E-3	5.126405E-1	9.524906E-2
3.272500E+1	1.355540E-3	1.965478E-1	6.792235E-2
3.283750E+1	1.473049E-3	5.039920E-1	5.859187E-2
3.295000E+1	1.463325E-3	2.068588E-1	1.013729E-1
3.306250E+1	1.349053E-3	5.446959E-1	1.223235E-2
3.317500E+1	1.313224E-3	2.187916E-1	1.277460E-1
3.328750E+1	1.041027E-3	5.441757E-1	-1.135787E-2
3.340000E+1	1.209504E-3	2.104509E-1	1.378324E-1
3.351250E+1	1.222400E-3	5.163261E-1	1.630728E-2
3.362500E+1	1.185987E-3	1.907606E-1	8.776294E-2
3.373750E+1	1.222676E-3	5.160711E-1	8.881802E-2
3.385000E+1	1.032319E-3	1.648616E-1	4.613590E-2
3.396250E+1	1.159566E-3	5.112259E-1	1.279493E-1
3.407500E+1	1.110246E-3	1.817125E-1	-4.473023E-2
3.418750E+1	1.080335E-3	5.258781E-1	1.825716E-1
3.430000E+1	1.061991E-3	1.893838E-1	-5.602195E-2
3.441250E+1	1.068390E-3	4.976204E-1	2.425267E-1
3.452500E+1	1.333990E-3	2.224457E-1	-7.458711E-2
3.463750E+1	1.131981E-3	4.040202E-1	2.009674E-1
3.475000E+1	9.534722E-4	2.632658E-1	-4.811981E-2
3.486250E+1	1.111111E-3	3.468108E-1	1.420455E-1
3.497500E+1	1.084422E-3	2.948835E-1	-1.472496E-2
3.508750E+1	1.019079E-3	2.759232E-1	8.489760E-2
3.520000E+1	8.727624E-4	2.942606E-1	7.008045E-2
3.531250E+1	1.001401E-3	3.137026E-1	7.207222E-2
3.542500E+1	8.951407E-4	3.081104E-1	5.894280E-2
3.553750E+1	1.035342E-3	3.037208E-1	1.061416E-1
3.565000E+1	8.695007E-4	2.792507E-1	-1.975552E-2
3.576250E+1	9.437301E-4	3.182295E-1	1.907675E-1
3.587500E+1	8.826885E-4	3.640139E-1	-9.242664E-2
3.598750E+1	8.973294E-4	2.662283E-1	2.155515E-1
3.610000E+1	9.391393E-4	4.422596E-1	-6.673184E-2
3.621250E+1	7.873522E-4	1.590107E-1	1.528525E-1
3.632500E+1	9.018706E-4	5.073178E-1	3.950344E-2
3.643750E+1	8.705609E-4	2.948032E-2	-7.975822E-3
3.655000E+1	8.853025E-4	5.233247E-1	1.883777E-1
3.666250E+1	9.431161E-4	1.606246E-1	-1.129460E-1
3.677500E+1	8.393990E-4	4.347994E-1	2.571921E-1
3.688750E+1	8.510797E-4	2.460537E-1	-1.092768E-1
3.700000E+1	8.476013E-4	3.193095E-1	2.067721E-1
3.711250E+1	7.408544E-4	3.031615E-1	-4.982449E-2
3.722500E+1	6.873443E-4	2.288302E-1	1.315209E-1
3.733750E+1	1.022366E-3	3.374638E-1	-1.311771E-2
3.745000E+1	6.823136E-4	2.015424E-1	1.187828E-1
3.756250E+1	8.109208E-4	3.783149E-1	5.498223E-2
3.767500E+1	7.474425E-4	1.467381E-1	7.657586E-2
3.778750E+1	7.404396E-4	3.486668E-1	1.226277E-1
3.790000E+1	7.787003E-4	1.859363E-1	-2.062939E-2
3.801250E+1	7.287297E-4	2.732354E-1	1.355475E-1
3.812500E+1	8.564247E-4	2.635040E-1	1.880998E-2
3.823750E+1	6.876872E-4	2.306152E-1	9.331199E-2
3.835000E+1	8.164895E-4	2.526545E-1	5.557194E-2
3.846250E+1	7.723112E-4	2.439145E-1	6.795003E-2
3.857500E+1	6.726952E-4	2.292068E-1	4.964028E-2
3.868750E+1	6.427599E-4	2.359420E-1	9.049880E-2
3.880000E+1	6.695996E-4	2.917328E-1	3.878143E-2
3.891250E+1	7.197309E-4	1.579835E-1	4.996305E-2
3.902500E+1	7.326467E-4	2.991216E-1	1.123188E-1
3.913750E+1	6.756252E-4	2.264020E-1	-3.341462E-2
3.925000E+1	6.319395E-4	2.196003E-1	1.477378E-1
3.936250E+1	7.462402E-4	3.199599E-1	2.328209E-2
3.947500E+1	6.028738E-4	1.016479E-1	5.743246E-3
3.958750E+1	8.250684E-4	3.531009E-1	1.583242E-1
3.970000E+1	6.597643E-4	2.036726E-1	-6.726972E-2
3.981250E+1	6.653510E-4	2.696753E-1	2.049633E-1
3.992500E+1	7.458950E-4	3.049514E-1	-2.296082E-2
4.003750E+1	7.890408E-4	1.099652E-1	4.366190E-2
4.015000E+1	7.249222E-4	3.163392E-1	1.514401E-1
4.026250E+1	7.697760E-4	2.514195E-1	-6.171363E-2
4.037500E+1	7.328085E-4	1.358814E-1	9.757546E-2
4.048750E+1	7.687928E-4	3.331881E-1	1.198647E-1
4.060000E+1	6.905437E-4	2.105813E-1	-4.549801E-2
4.071250E+1	6.360885E-4	1.357798E-1	9.032471E-2
4.082500E+1	7.283157E-4	3.110504E-1	1.428856E-1
4.093750E+1	6.705568E-4	2.482001E-1	-7.311797E-2
4.105000E+1	6.830718E-4	1.170717E-1	8.732035E-2
4.116250E+1	5.678675E-4	3.123621E-1	1.533216E-1
4.127500E+1	7.541536E-4	2.320628E-1	-4.681019E-2
4.138750E+1	7.530038E-4	1.559563E-1	7.804403E-2
4.150000E+1	6.817839E-4	2.140174E-1	7.303421E-2
4.161250E+1	7.572084E-4	2.321921E-1	8.983917E-2
4.172500E+1	6.935656E-4	2.534854E-1	1.270915E-3
4.183750E+1	6.897992E-4	8.108211E-2	1.984644E-2
4.195000E+1	6.014436E-4	3.096833E-1	2.327222E-1
4.206250E+1	5.116069E-4	3.535764E-1	-4.792558E-2
4.217500E+1	6.051234E-4	9.644200E-2	-8.920220E-2
4.228750E+1	5.619613E-4	2.765118E-1	2.645386E-1
4.240000E+1	5.927430E-4	4.451996E-1	8.232389E-2
4.251250E+1	5.212775E-4	2.486828E-1	-2.044110E-1
4.262500E+1	5.475019E-4	1.849512E-1	1.668785E-1
4.273750E+1	6.295511E-4	4.768184E-1	2.866853E-1
4.285000E+1	6.471141E-4	3.860072E-1	-2.099198E-1
4.296250E+1	5.387595E-4	1.209492E-1	-3.228650E-2
4.307500E+1	6.548552E-4	4.048167E-1	3.689950E-1
4.318750E+1	5.737459E-4	4.954685E-1	-3.616570E-2
4.330000E+1	6.112669E-4	1.742646E-1	-1.742645E-1
4.341250E+1	6.418707E-4	2.243395E-1	2.241537E-1
4.352500E+1	5.482781E-4	3.855426E-1	1.659658E-1
4.363750E+1	4.690877E-4	2.443560E-1	-9.550254E-2
4.375000E+1	5.079707E-4	7.719378E-2	1.001547E-2
4.386250E+1	5.718025E-4	1.629281E-1	1.250550E-1
4.397500E+1	5.667877E-4	2.592853E-1	1.383897E-1
4.408750E+1	5.301331E-4	2.579886E-1	-9.141774E-3
4.420000E+1	5.610493E-4	1.062406E-1	-4.309880E-2
4.431250E+1	5.288664E-4	1.248477E-1	1.096215E-1
4.442500E+1	5.761098E-4	2.854926E-1	1.664371E-1
4.453750E+1	5.828338E-4	2.737248E-1	-3.100754E-2
4.465000E+1	4.885173E-4	8.046510E-2	-3.311643E-2
4.476250E+1	5.501600E-4	1.502681E-1	1.322748E-1
4.487500E+1	5.182030E-4	2.649493E-1	1.414697E-1
4.498750E+1	5.397195E-4	2.554727E-1	-2.757732E-2
4.510000E+1	4.843495E-4	6.176763E-2	-2.759276E-2
4.521250E+1	5.429590E-4	1.692382E-1	1.440897E-1
4.532500E+1	5.089812E-4	2.572205E-1	9.796426E-2
4.543750E+1	5.156476E-4	1.943599E-1	-2.767856E-2
4.555000E+1	4.751857E-4	8.031843E-2	4.760351E-2
4.566250E+1	5.087284E-4	1.988026E-1	1.125774E-1
4.577500E+1	4.472902E-4	1.962295E-1	3.081985E-2
4.588750E+1	5.260100E-4	1.193001E-1	9.241629E-3
4.600000E+1	5.080281E-4	1.435690E-1	7.798034E-2
4.611250E+1	5.538185E-4	1.871176E-1	6.872939E-2
4.622500E+1	5.765159E-4	1.539573E-1	3.825272E-2
4.633750E+1	5.050252E-4	1.491501E-1	5.040629E-2
4.645000E+1	5.464770E-4	1.507342E-1	3.925624E-2
4.656250E+1	5.461468E-4	1.402411E-1	3.816991E-2
4.667500E+1	5.687415E-4	1.500456E-1	7.780872E-2
4.678750E+1	5.241922E-4	1.846494E-1	6.143198E-2
4.690000E+1	5.429033E-4	1.713831E-1	8.089638E-4
4.701250E+1	5.782738E-4	7.912032E-2	1.786277E-2
4.712500E+1	5.520626E-4	1.541083E-1	1.196713E-1
4.723750E+1	5.731683E-4	2.514936E-1	1.236818E-1
4.735000E+1	6.180695E-4	2.357129E-1	-5.572857E-2
4.746250E+1	6.693094E-4	7.044557E-2	-5.762960E-2
4.757500E+1	4.760962E-4	1.165053E-1	1.158478E-1
4.768750E+1	6.525400E-4	2.345044E-1	1.736538E-1
4.780000E+1	5.831970E-4	2.876934E-1	7.045943E-2
4.791250E+1	6.728420E-4	2.122626E-1	-1.015906E-1
4.802500E+1	6.532388E-4	4.523123E-2	-4.503087E-2
4.813750E+1	6.982198E-4	1.463232E-1	1.447468E-1
4.825000E+1	6.913880E-4	2.358469E-1	1.524305E-1
4.836250E+1	7.502998E-4	2.119726E-1	1.448803E-2
4.847500E+1	6.320359E-4	1.212388E-1	-4.263198E-2
4.858750E+1	8.093363E-4	7.710665E-2	5.843239E-2
4.870000E+1	5.720441E-4	2.180378E-1	1.428452E-1
4.881250E+1	6.613971E-4	2.739832E-1	1.918885E-2
4.892500E+1	6.141178E-4	1.835025E-1	-1.278335E-1
4.903750E+1	8.184655E-4	6.009971E-2	-2.952687E-2
4.915000E+1	7.083837E-4	1.849568E-1	1.823225E-1
4.926250E+1	6.677183E-4	3.194429E-1	2.704111E-1
4.937500E+1	7.280968E-4	3.698180E-1	1.255007E-1
4.948750E+1	8.575872E-4	3.456209E-1	-1.280998E-1
4.960000E+1	8.584650E-4	2.221390E-1	-2.126935E-1
4.971250E+1	8.596280E-4	7.691268E-2	-1.544584E-2
4.982500E+1	8.434132E-4	1.918511E-1	1.917993E-1
4.993750E+1	8.208561E-4	2.714520E-1	1.951594E-1
5.005000E+1	9.177795E-4	2.638359E-1	6.908087E-2
5.016250E+1	7.075548E-4	2.028155E-1	-3.946358E-2
5.027500E+1	7.085216E-4	7.174567E-2	-4.416594E-2
5.038750E+1	5.656717E-4	6.713792E-2	6.706949E-2
5.050000E+1	7.630701E-4	2.059149E-1	1.896768E-1
5.061250E+1	6.375536E-4	3.108102E-1	1.834866E-1
5.072500E+1	5.720223E-4	3.214499E-1	-2.915163E-3
5.083750E+1	4.741646E-4	2.442921E-1	-1.396925E-1
5.095000E+1	5.100652E-4	1.263357E-1	-1.214528E-1
5.106250E+1	5.293268E-4	4.451786E-2	-1.396776E-2
5.117500E+1	5.990760E-4	7.703356E-2	7.643787E-2
5.128750E+1	5.869044E-4	1.374171E-1	1.319931E-1
5.140000E+1	4.996669E-4	1.567345E-1	1.338206E-1
5.151250E+1	5.757446E-4	1.713626E-1	1.414115E-1
5.162500E+1	5.969912E-4	2.251212E-1	1.694569E-1
5.173750E+1	4.983753E-4	2.741545E-1	1.588657E-1
5.185000E+1	5.077010E-4	3.102505E-1	7.960438E-2
5.196250E+1	4.458710E-4	3.039595E-1	-5.948915E-2
5.207500E+1	4.352469E-4	2.575966E-1	-1.721409E-1
5.218750E+1	4.610749E-4	1.518723E-1	-1.496015E-1
5.230000E+1	5.282133E-4	6.939420E-2	-4.425504E-2
5.241250E+1	5.143436E-4	8.126532E-2	6.901848E-2
5.252500E+1	5.402994E-4	1.282412E-1	1.275544E-1
5.263750E+1	4.595248E-4	1.695742E-1	1.458423E-1
5.275000E+1	4.982252E-4	1.883418E-1	1.252398E-1
5.286250E+1	4.938231E-4	1.756084E-1	7.764236E-2
5.297500E+1	4.701029E-4	1.763423E-1	4.844694E-2
5.308750E+1	4.764511E-4	1.576179E-1	2.771694E-2
5.320000E+1	5.202056E-4	1.448122E-1	4.688092E-3
5.331250E+1	5.563154E-4	1.278498E-1	-1.216274E-2
5.342500E+1	4.908880E-4	1.103857E-1	-1.346536E-2
5.353750E+1	5.140658E-4	9.676027E-2	-1.770517E-2
5.365000E+1	4.852471E-4	8.223885E-2	-2.319180E-2
5.376250E+1	5.294559E-4	7.381885E-2	-3.218474E-2
5.387500E+1	4.243633E-4	5.449507E-2	-3.427299E-2
5.398750E+1	5.027328E-4	4.383769E-2	-4.038173E-2
5.410000E+1	4.246879E-4	3.288531E-2	-2.271152E-2
5.421250E+1	5.210352E-4	6.814496E-2	8.222205E-3
5.432500E+1	5.418228E-4	1.038407E-1	4.908625E-2
5.443750E+1	4.851668E-4	1.435519E-1	9.968435E-2
5.455000E+1	5.031408E-4	1.830890E-1	1.566811E-1
5.466250E+1	5.331667E-4	2.378206E-1	2.261962E-1
5.477500E+1	4.980828E-4	2.750226E-1	2.739202E-1
5.488750E+1	5.315490E-4	3.202761E-1	3.169385E-1
5.500000E+1	5.167084E-4	3.398255E-1	3.154186E-1
