Freq (Hz)	PSD/Measured Spectrum: Power CH2 (Vrms/rtHz)	Freq Response Module (Vrms)	Freq Response Im part (Unitless Power)
1.000000E+1	4.074495E-2	7.470294E+0	-6.804434E+0
1.011250E+1	3.828580E-2	7.880000E+0	-7.724122E+0
1.022500E+1	4.627294E-2	8.373009E+0	-8.305224E+0
1.033750E+1	4.373038E-2	7.527750E+0	-7.425593E+0
1.045000E+1	4.786677E-2	9.065670E+0	-9.045147E+0
1.056250E+1	4.132419E-2	7.145730E+0	-7.144497E+0
1.067500E+1	4.271154E-2	8.894105E+0	-8.856511E+0
1.078750E+1	4.742821E-2	9.220150E+0	-8.788568E+0
1.090000E+1	4.646669E-2	9.082254E+0	-8.714742E+0
1.101250E+1	3.859774E-2	8.355294E+0	-7.835743E+0
1.112500E+1	4.937166E-2	9.569921E+0	-9.186245E+0
1.123750E+1	4.608767E-2	7.195935E+0	-6.406701E+0
1.135000E+1	3.928986E-2	8.406571E+0	-6.829473E+0
1.146250E+1	3.614401E-2	7.862665E+0	-6.525268E+0
1.157500E+1	3.916173E-2	7.086723E+0	-5.732319E+0
1.168750E+1	3.797414E-2	6.584354E+0	-5.180678E+0
1.180000E+1	3.537569E-2	7.265444E+0	-5.433044E+0
1.191250E+1	3.287129E-2	6.629448E+0	-5.297814E+0
1.202500E+1	2.984435E-2	6.100051E+0	-4.737877E+0
1.213750E+1	3.067550E-2	5.744235E+0	-4.232260E+0
1.225000E+1	2.996114E-2	5.653379E+0	-4.087949E+0
1.236250E+1	3.185233E-2	6.092715E+0	-4.755492E+0
1.247500E+1	2.704283E-2	5.581355E+0	-4.149944E+0
1.258750E+1	2.855256E-2	5.399038E+0	-4.054123E+0
1.270000E+1	2.193401E-2	4.734172E+0	-3.716943E+0
1.281250E+1	2.357218E-2	5.614482E+0	-3.958353E+0
1.292500E+1	1.995127E-2	5.573471E+0	-3.452003E+0
1.303750E+1	1.749007E-2	5.463812E+0	-3.243652E+0
1.315000E+1	1.985487E-2	5.222832E+0	-2.660736E+0
1.326250E+1	1.994644E-2	5.176726E+0	-1.981778E+0
1.337500E+1	1.730634E-2	4.690420E+0	-1.483703E+0
1.348750E+1	2.016451E-2	4.308425E+0	-1.306216E+0
1.360000E+1	2.104116E-2	3.909972E+0	-8.280175E-1
1.371250E+1	1.634736E-2	3.232487E+0	-5.953707E-1
1.382500E+1	1.690624E-2	3.105493E+0	-7.921779E-1
1.393750E+1	1.735249E-2	3.024886E+0	-5.573224E-1
1.405000E+1	1.725588E-2	3.078498E+0	-8.211922E-1
1.416250E+1	1.495275E-2	3.122811E+0	-1.263186E+0
1.427500E+1	1.495205E-2	2.920489E+0	-1.259224E+0
1.438750E+1	1.624750E-2	3.414002E+0	-1.559158E+0
1.450000E+1	1.515675E-2	3.213355E+0	-7.108889E-1
1.461250E+1	1.348118E-2	3.134840E+0	-7.471042E-1
1.472500E+1	1.479561E-2	2.635238E+0	-5.961236E-1
1.483750E+1	1.396943E-2	2.206522E+0	-3.491603E-1
1.495000E+1	1.397300E-2	2.022999E+0	-5.467610E-1
1.506250E+1	1.301945E-2	1.986174E+0	-8.642713E-1
1.517500E+1	1.026139E-2	2.066800E+0	-1.054224E+0
1.528750E+1	1.198860E-2	2.422565E+0	-1.124274E+0
1.540000E+1	1.107051E-2	2.174362E+0	-7.066682E-1
1.551250E+1	1.138680E-2	2.261587E+0	-2.858463E-1
1.562500E+1	9.504310E-3	2.176982E+0	-4.428653E-1
1.573750E+1	1.076088E-2	1.847905E+0	-4.893961E-1
1.585000E+1	8.723650E-3	1.832509E+0	-4.622361E-1
1.596250E+1	1.146018E-2	1.974633E+0	-6.568471E-1
1.607500E+1	1.060930E-2	2.002548E+0	-4.903383E-1
1.618750E+1	1.004496E-2	2.126689E+0	-3.669832E-1
1.630000E+1	8.865991E-3	1.937250E+0	1.375038E-2
1.641250E+1	1.029577E-2	1.757703E+0	5.414445E-2
1.652500E+1	9.956087E-3	1.422538E+0	-8.231988E-2
1.663750E+1	8.282244E-3	1.327926E+0	-2.228182E-1
1.675000E+1	7.674080E-3	1.346255E+0	-3.466523E-1
1.686250E+1	9.714727E-3	1.504712E+0	-5.355450E-1
1.697500E+1	8.196156E-3	1.818167E+0	-2.486874E-1
1.708750E+1	6.739300E-3	1.529670E+0	2.829610E-2
1.720000E+1	8.801931E-3	1.400660E+0	4.627188E-2
1.731250E+1	9.064758E-3	1.083528E+0	-1.024206E-1
1.742500E+1	9.180621E-3	1.181835E+0	-7.609478E-2
1.753750E+1	8.089056E-3	1.286036E+0	-4.421822E-1
1.765000E+1	8.298617E-3	1.688781E+0	-4.530540E-1
1.776250E+1	7.933793E-3	1.688730E+0	-1.495370E-1
1.787500E+1	9.322520E-3	1.473913E+0	-5.989838E-2
1.798750E+1	6.390804E-3	1.350722E+0	1.016756E-2
1.810000E+1	7.802220E-3	1.207413E+0	-1.614576E-1
1.821250E+1	7.269281E-3	1.038041E+0	-1.269754E-1
1.832500E+1	6.776542E-3	1.224068E+0	-4.107232E-1
1.843750E+1	6.792036E-3	1.207842E+0	-3.424146E-1
1.855000E+1	8.632011E-3	1.186207E+0	-1.638267E-1
1.866250E+1	7.976202E-3	1.235659E+0	-5.728912E-2
1.877500E+1	7.126029E-3	1.019767E+0	1.349945E-1
1.888750E+1	6.890669E-3	8.093633E-1	5.382699E-3
1.900000E+1	6.736028E-3	7.176462E-1	-6.462602E-2
1.911250E+1	6.806596E-3	1.078247E+0	-3.549318E-1
1.922500E+1	7.550862E-3	1.116787E+0	-2.483619E-1
1.933750E+1	6.920719E-3	1.076726E+0	-7.751118E-2
1.945000E+1	7.859239E-3	1.225405E+0	2.983985E-2
1.956250E+1	5.567162E-3	1.077039E+0	5.890120E-4
1.967500E+1	7.576301E-3	9.410414E-1	-6.072690E-2
1.978750E+1	8.718873E-3	9.188617E-1	-2.538775E-2
1.990000E+1	7.803530E-3	9.497160E-1	-1.194239E-1
2.001250E+1	6.007108E-3	1.047489E+0	5.946251E-3
2.012500E+1	7.573036E-3	1.018280E+0	1.655287E-1
2.023750E+1	6.821726E-3	7.330496E-1	1.807753E-1
2.035000E+1	7.676710E-3	5.842670E-1	-1.947432E-1
2.046250E+1	8.260241E-3	9.152738E-1	-4.048662E-1
2.057500E+1	6.680272E-3	1.104464E+0	-9.597845E-2
2.068750E+1	7.305432E-3	8.510855E-1	1.955444E-1
2.080000E+1	6.337197E-3	4.842430E-1	4.422879E-2
2.091250E+1	7.769488E-3	6.723651E-1	-3.153499E-1
2.102500E+1	6.714191E-3	1.145587E+0	-1.869962E-1
2.113750E+1	6.778164E-3	1.008189E+0	1.228664E-1
2.125000E+1	7.980943E-3	6.418899E-1	2.777283E-1
2.136250E+1	6.949658E-3	5.266992E-1	-2.893740E-1
2.147500E+1	6.355848E-3	9.988921E-1	-3.645412E-1
2.158750E+1	7.821799E-3	1.035307E+0	4.350000E-2
2.170000E+1	6.501519E-3	6.189520E-1	1.246817E-1
2.181250E+1	6.968620E-3	5.355548E-1	-2.581077E-1
2.192500E+1	6.737154E-3	8.906892E-1	-2.758704E-1
2.203750E+1	6.824490E-3	8.457737E-1	1.777526E-2
2.215000E+1	6.903624E-3	6.006123E-1	2.060834E-1
2.226250E+1	7.039585E-3	4.251574E-1	-2.092871E-1
2.237500E+1	7.500138E-3	7.581157E-1	-1.486822E-1
2.248750E+1	8.419234E-3	9.134206E-1	1.955512E-2
2.260000E+1	6.705566E-3	5.043946E-1	5.327310E-2
2.271250E+1	7.322846E-3	4.430856E-1	-2.642928E-1
2.282500E+1	8.978229E-3	7.831060E-1	-3.072878E-1
2.293750E+1	7.705455E-3	8.998394E-1	1.116994E-1
2.305000E+1	8.104674E-3	5.280014E-1	4.195164E-2
2.316250E+1	6.633750E-3	5.044464E-1	-1.312200E-1
2.327500E+1	9.625300E-3	6.073390E-1	-1.617300E-1
2.338750E+1	8.249136E-3	6.033102E-1	9.103233E-2
2.350000E+1	7.297951E-3	5.533783E-1	-6.623696E-2
2.361250E+1	6.964037E-3	6.016173E-1	-1.087905E-1
2.372500E+1	9.447038E-3	5.819384E-1	-5.539690E-2
2.383750E+1	8.758971E-3	5.345774E-1	-5.411531E-2
2.395000E+1	9.253449E-3	5.575569E-1	-1.050686E-1
2.406250E+1	8.125020E-3	5.773416E-1	-8.215178E-2
2.417500E+1	9.592328E-3	5.505503E-1	-2.969040E-1
2.428750E+1	8.904494E-3	4.794239E-1	-2.170183E-1
2.440000E+1	8.997510E-3	6.296612E-1	-3.128364E-2
2.451250E+1	9.900842E-3	3.285137E-1	9.061956E-2
2.462500E+1	8.690774E-3	4.745156E-1	-1.307345E-1
2.473750E+1	9.663265E-3	6.125510E-1	-2.136432E-1
2.485000E+1	8.645902E-3	5.641547E-1	3.621599E-2
2.496250E+1	7.662534E-3	5.933509E-1	-9.084760E-2
2.507500E+1	7.653896E-3	6.700630E-1	-8.030761E-2
2.518750E+1	8.255849E-3	7.645753E-1	-1.784741E-1
2.530000E+1	8.743479E-3	5.832642E-1	-1.476265E-2
2.541250E+1	6.758456E-3	4.625796E-1	-1.306520E-1
2.552500E+1	8.322681E-3	5.115997E-1	-1.271659E-1
2.563750E+1	8.080542E-3	7.180344E-1	3.282376E-2
2.575000E+1	6.640451E-3	4.256035E-1	-1.115403E-1
2.586250E+1	7.350449E-3	6.135525E-1	-2.078113E-1
2.597500E+1	9.181591E-3	5.847230E-1	3.108110E-2
2.608750E+1	7.391098E-3	4.438685E-1	-1.752320E-1
2.620000E+1	6.119396E-3	7.549723E-1	-2.049320E-1
2.631250E+1	6.209429E-3	6.797895E-1	-5.425388E-2
2.642500E+1	5.852812E-3	4.304517E-1	-1.515086E-1
2.653750E+1	5.160474E-3	6.712951E-1	-9.561168E-2
2.665000E+1	5.063831E-3	5.890938E-1	1.030389E-1
2.676250E+1	5.802103E-3	4.059763E-1	-1.298384E-1
2.687500E+1	4.344484E-3	5.735401E-1	1.979854E-2
2.698750E+1	4.937505E-3	4.191961E-1	2.862090E-2
2.710000E+1	4.980065E-3	5.997007E-1	-1.419871E-1
2.721250E+1	5.132599E-3	5.374951E-1	3.537403E-2
2.732500E+1	4.409635E-3	4.385309E-1	-5.631292E-2
2.743750E+1	4.126555E-3	6.888648E-1	3.233068E-3
2.755000E+1	3.931564E-3	4.641572E-1	1.390769E-1
2.766250E+1	3.586923E-3	5.499865E-1	-2.270853E-1
2.777500E+1	3.992632E-3	6.993297E-1	1.970807E-1
2.788750E+1	4.044736E-3	2.429499E-1	-9.931485E-4
2.800000E+1	4.217947E-3	7.122951E-1	-9.688768E-2
2.811250E+1	3.743585E-3	5.159795E-1	2.473764E-1
2.822500E+1	3.503316E-3	4.255817E-1	-2.301137E-1
2.833750E+1	3.149510E-3	7.213509E-1	1.217704E-1
2.845000E+1	3.177297E-3	2.004825E-1	7.113866E-2
2.856250E+1	3.651728E-3	6.936061E-1	-2.351344E-1
2.867500E+1	3.272321E-3	5.484758E-1	2.931973E-1
2.878750E+1	2.968898E-3	4.389092E-1	-1.922087E-1
2.890000E+1	2.532481E-3	7.019508E-1	1.271257E-1
2.901250E+1	2.749268E-3	2.084656E-1	9.403018E-2
2.912500E+1	2.491820E-3	6.082873E-1	-9.734529E-2
2.923750E+1	2.446415E-3	4.493195E-1	2.694170E-1
2.935000E+1	3.169745E-3	4.067827E-1	-1.377457E-1
2.946250E+1	2.354184E-3	5.404185E-1	1.882292E-1
2.957500E+1	2.737960E-3	3.054149E-1	-3.512684E-2
2.968750E+1	2.019186E-3	5.279672E-1	4.695494E-2
2.980000E+1	2.022449E-3	3.358102E-1	1.808410E-2
2.991250E+1	2.259714E-3	4.580441E-1	4.220315E-2
3.002500E+1	2.429849E-3	3.111548E-1	7.518937E-2
3.013750E+1	2.116171E-3	4.711715E-1	-1.374901E-2
3.025000E+1	2.413183E-3	3.398376E-1	1.674584E-1
3.036250E+1	1.954189E-3	3.804578E-1	-7.326192E-2
3.047500E+1	2.063582E-3	3.823359E-1	1.796617E-1
3.058750E+1	1.671542E-3	3.346310E-1	-1.109181E-1
3.070000E+1	1.758566E-3	5.255400E-1	1.829441E-1
3.081250E+1	1.940341E-3	2.329746E-1	-7.132825E-2
3.092500E+1	2.019475E-3	5.702263E-1	7.824953E-2
3.103750E+1	2.095892E-3	1.623696E-1	9.843922E-2
3.115000E+1	1.695067E-3	5.349404E-1	-3.542492E-2
3.126250E+1	1.574480E-3	2.671276E-1	2.113038E-1
3.137500E+1	1.440732E-3	4.903367E-1	-1.664279E-1
3.148750E+1	1.817515E-3	3.955944E-1	2.717829E-1
3.160000E+1	1.570819E-3	4.198945E-1	-2.036280E-1
3.171250E+1	1.559717E-3	4.812539E-1	2.506403E-1
3.182500E+1	1.565163E-3	3.084580E-1	-1.660555E-1
3.193750E+1	1.724871E-3	5.491610E-1	2.304684E-1
3.205000E+1	1.831754E-3	1.911034E-1	-1.003562E-1
3.216250E+1	1.291922E-3	5.328062E-1	1.226719E-1
3.227500E+1	1.311047E-3	1.493241E-1	-1.209590E-3
3.238750E+1	1.824623E-3	4.682121E-1	8.549949E-2
3.250000E+1	1.311145E-3	1.761203E-1	5.082696E-3
3.261250E+1	1.394370E-3	4.504862E-1	4.420044E-2
3.272500E+1	1.488988E-3	1.732041E-1	1.832444E-3
3.283750E+1	1.344057E-3	4.314136E-1	5.608501E-2
3.295000E+1	1.511273E-3	1.874324E-1	3.240066E-2
3.306250E+1	1.243829E-3	3.940195E-1	6.035025E-2
3.317500E+1	1.270519E-3	2.209326E-1	2.000902E-2
3.328750E+1	1.052453E-3	3.522424E-1	6.153828E-2
3.340000E+1	1.275024E-3	2.604743E-1	1.644270E-2
3.351250E+1	1.178099E-3	2.928522E-1	8.693371E-2
3.362500E+1	1.138701E-3	2.736439E-1	5.248430E-3
3.373750E+1	1.290190E-3	3.148095E-1	8.558606E-2
3.385000E+1	1.288295E-3	2.802690E-1	4.513956E-3
3.396250E+1	1.275846E-3	2.673783E-1	6.135854E-2
3.407500E+1	1.410436E-3	2.872229E-1	5.731560E-2
3.418750E+1	1.183069E-3	2.634986E-1	2.799316E-2
3.430000E+1	1.081095E-3	2.977555E-1	1.056298E-1
3.441250E+1	1.135278E-3	2.738978E-1	-3.651855E-2
3.452500E+1	1.005611E-3	3.264710E-1	1.744556E-1
3.463750E+1	1.127339E-3	3.039985E-1	-8.619084E-2
3.475000E+1	8.759878E-4	2.802849E-1	1.732086E-1
3.486250E+1	1.093758E-3	3.612396E-1	-6.729010E-2
3.497500E+1	1.052448E-3	1.756506E-1	1.273213E-1
3.508750E+1	1.123077E-3	4.062758E-1	-4.023119E-3
3.520000E+1	1.121679E-3	1.019531E-1	7.155655E-2
3.531250E+1	9.690668E-4	4.277690E-1	8.131873E-2
3.542500E+1	1.011945E-3	9.664071E-2	-3.588820E-2
3.553750E+1	9.708488E-4	3.770715E-1	1.468504E-1
3.565000E+1	9.158811E-4	2.472019E-1	-8.869065E-2
3.576250E+1	1.018244E-3	2.872862E-1	1.887501E-1
3.587500E+1	9.832584E-4	3.254116E-1	-5.407207E-2
3.598750E+1	9.430753E-4	1.570669E-1	9.962064E-2
3.610000E+1	9.989063E-4	3.831408E-1	3.660268E-2
3.621250E+1	9.456721E-4	9.125884E-2	-2.642976E-2
3.632500E+1	9.320482E-4	3.422861E-1	1.212592E-1
3.643750E+1	1.076673E-3	2.182082E-1	-6.764627E-2
3.655000E+1	8.407782E-4	2.887848E-1	1.606543E-1
3.666250E+1	1.027455E-3	2.723320E-1	-1.931252E-2
3.677500E+1	9.629389E-4	2.055332E-1	9.059725E-2
3.688750E+1	9.095530E-4	2.571661E-1	2.037973E-2
3.700000E+1	8.448272E-4	2.260752E-1	9.210990E-2
3.711250E+1	8.340989E-4	2.301851E-1	-3.423618E-2
3.722500E+1	9.072028E-4	2.164190E-1	1.345374E-1
3.733750E+1	8.901002E-4	3.279622E-1	-5.074360E-2
3.745000E+1	9.376262E-4	1.151510E-1	9.257682E-2
3.756250E+1	7.293676E-4	4.148118E-1	1.217471E-1
3.767500E+1	8.173491E-4	1.121776E-1	-1.073598E-1
3.778750E+1	7.732009E-4	3.811929E-1	2.789225E-1
3.790000E+1	7.942851E-4	3.594977E-1	-1.727276E-1
3.801250E+1	8.348712E-4	1.734212E-1	1.718889E-1
3.812500E+1	8.245147E-4	4.453340E-1	7.565113E-2
3.823750E+1	8.951896E-4	1.231221E-1	-1.187784E-1
3.835000E+1	8.388447E-4	3.498066E-1	2.572338E-1
3.846250E+1	7.456735E-4	3.448964E-1	-1.205143E-1
3.857500E+1	7.954776E-4	1.247995E-1	1.247136E-1
3.868750E+1	7.747121E-4	3.908835E-1	1.087196E-1
3.880000E+1	5.470956E-4	1.700625E-1	-1.061175E-1
3.891250E+1	7.512911E-4	2.375336E-1	1.781659E-1
3.902500E+1	8.237457E-4	3.007771E-1	-3.427071E-2
3.913750E+1	9.276788E-4	1.052754E-1	6.249388E-2
3.925000E+1	9.075411E-4	2.779861E-1	1.026487E-1
3.936250E+1	6.745179E-4	1.692811E-1	-2.160926E-2
3.947500E+1	8.247848E-4	1.969751E-1	9.937897E-2
3.958750E+1	7.317140E-4	2.130612E-1	1.648269E-2
3.970000E+1	9.860860E-4	1.611504E-1	6.746573E-2
3.981250E+1	9.214946E-4	2.593963E-1	3.861002E-2
3.992500E+1	8.963041E-4	1.367067E-1	1.032863E-2
4.003750E+1	9.807897E-4	2.116453E-1	9.836044E-2
4.015000E+1	9.216522E-4	2.423109E-1	-1.102179E-2
4.026250E+1	7.976217E-4	1.330041E-1	5.202956E-2
4.037500E+1	8.497911E-4	2.314948E-1	9.205926E-2
4.048750E+1	8.340473E-4	1.912957E-1	-1.099834E-2
4.060000E+1	9.171940E-4	1.385893E-1	5.236321E-2
4.071250E+1	8.817274E-4	2.112039E-1	8.588009E-2
4.082500E+1	9.742718E-4	2.135068E-1	-6.467808E-3
4.093750E+1	9.021872E-4	1.256848E-1	3.270990E-2
4.105000E+1	7.385955E-4	2.180018E-1	8.841433E-2
4.116250E+1	7.917646E-4	2.008486E-1	-2.003917E-2
4.127500E+1	8.630704E-4	1.292839E-1	5.407088E-2
4.138750E+1	8.282693E-4	2.214587E-1	8.709036E-2
4.150000E+1	6.983358E-4	1.827490E-1	-1.595209E-2
4.161250E+1	8.830137E-4	1.299240E-1	6.627488E-2
4.172500E+1	7.809846E-4	2.219726E-1	6.771216E-2
4.183750E+1	8.506498E-4	1.738592E-1	-3.677684E-2
4.195000E+1	7.632293E-4	1.432306E-1	1.039160E-1
4.206250E+1	7.355841E-4	2.557113E-1	8.350194E-2
4.217500E+1	8.397947E-4	1.796853E-1	-4.645091E-2
4.228750E+1	5.617250E-4	9.335824E-2	7.777143E-2
4.240000E+1	6.881506E-4	2.693036E-1	1.172377E-1
4.251250E+1	6.697300E-4	2.060753E-1	-5.274912E-2
4.262500E+1	7.946756E-4	7.013243E-2	4.250872E-2
4.273750E+1	8.422654E-4	2.608723E-1	1.451642E-1
4.285000E+1	5.699483E-4	2.416472E-1	-6.487826E-2
4.296250E+1	7.164299E-4	6.397160E-2	2.026729E-2
4.307500E+1	6.766650E-4	2.163238E-1	1.454284E-1
4.318750E+1	6.028856E-4	2.612383E-1	-1.400643E-2
4.330000E+1	5.394786E-4	7.225685E-2	-3.384647E-2
4.341250E+1	7.000908E-4	1.713879E-1	1.475819E-1
4.352500E+1	7.156311E-4	2.909688E-1	8.097614E-2
4.363750E+1	6.310100E-4	2.037752E-1	-1.177460E-1
4.375000E+1	6.740206E-4	7.051076E-2	6.867986E-2
4.386250E+1	6.238933E-4	2.746507E-1	2.027805E-1
4.397500E+1	6.329193E-4	3.233978E-1	-3.390719E-2
4.408750E+1	5.792619E-4	1.433564E-1	-1.416337E-1
4.420000E+1	6.490151E-4	1.919741E-1	1.916413E-1
4.431250E+1	6.068673E-4	3.508120E-1	1.757493E-1
4.442500E+1	6.710213E-4	3.130884E-1	-1.394300E-1
4.453750E+1	6.063862E-4	9.853622E-2	-7.460314E-2
4.465000E+1	5.562638E-4	2.545155E-1	2.456584E-1
4.476250E+1	6.513101E-4	3.438656E-1	9.706972E-2
4.487500E+1	6.319480E-4	2.386395E-1	-1.315491E-1
4.498750E+1	6.785798E-4	4.477323E-2	8.216055E-3
4.510000E+1	6.115963E-4	2.327431E-1	1.929126E-1
4.521250E+1	6.116497E-4	2.505406E-1	2.825116E-2
4.532500E+1	6.146007E-4	1.252181E-1	-5.638995E-2
4.543750E+1	6.097049E-4	9.591949E-2	8.353675E-2
4.555000E+1	6.684177E-4	2.303769E-1	1.036742E-1
4.566250E+1	5.808442E-4	1.840414E-1	-4.759350E-2
4.577500E+1	5.534617E-4	3.015711E-2	-2.944596E-3
4.588750E+1	6.419542E-4	1.828038E-1	1.577051E-1
4.600000E+1	7.600587E-4	2.873258E-1	8.866479E-2
4.611250E+1	5.926428E-4	2.404283E-1	-1.199082E-1
4.622500E+1	6.517170E-4	4.922474E-2	-4.493077E-2
4.633750E+1	7.004340E-4	1.680694E-1	1.674086E-1
4.645000E+1	5.951781E-4	2.921569E-1	1.822529E-1
4.656250E+1	6.455165E-4	2.971254E-1	-2.884961E-2
4.667500E+1	6.006243E-4	1.743749E-1	-1.484786E-1
4.678750E+1	7.648350E-4	8.153705E-2	4.333633E-2
4.690000E+1	6.575991E-4	1.996058E-1	1.862028E-1
4.701250E+1	8.122070E-4	2.654576E-1	1.339900E-1
4.712500E+1	7.045093E-4	2.427987E-1	-3.093328E-2
4.723750E+1	7.421654E-4	1.216468E-1	-8.018136E-2
4.735000E+1	6.634449E-4	4.959190E-2	4.847548E-2
4.746250E+1	6.995728E-4	1.494588E-1	1.046870E-1
4.757500E+1	7.684700E-4	1.826301E-1	5.537379E-2
4.768750E+1	9.157856E-4	1.433136E-1	5.476646E-3
4.780000E+1	1.002855E-3	8.005369E-2	1.408506E-2
4.791250E+1	8.430123E-4	1.226720E-1	7.575549E-2
4.802500E+1	8.417374E-4	1.761259E-1	5.484422E-2
4.813750E+1	7.990657E-4	1.586720E-1	-3.532016E-2
4.825000E+1	1.125358E-3	8.732622E-2	-3.446512E-2
4.836250E+1	8.067378E-4	4.614741E-2	4.033947E-2
4.847500E+1	7.565624E-4	1.507301E-1	1.389306E-1
4.858750E+1	9.001984E-4	2.478558E-1	1.384860E-1
4.870000E+1	6.820936E-4	2.725922E-1	9.328700E-3
4.881250E+1	7.535887E-4	2.230155E-1	-1.400282E-1
4.892500E+1	7.167047E-4	9.912624E-2	-9.445162E-2
4.903750E+1	8.411180E-4	1.108310E-1	8.864583E-2
4.915000E+1	9.529695E-4	2.267731E-1	2.182377E-1
4.926250E+1	1.083518E-3	3.112423E-1	1.825333E-1
4.937500E+1	1.000953E-3	3.158343E-1	6.008636E-3
4.948750E+1	9.562660E-4	2.719417E-1	-1.783786E-1
4.960000E+1	9.191278E-4	1.633731E-1	-1.596725E-1
4.971250E+1	7.780230E-4	1.247923E-1	4.976369E-2
4.982500E+1	8.242655E-4	2.074661E-1	2.058449E-1
4.993750E+1	6.774712E-4	2.691610E-1	1.791571E-1
5.005000E+1	7.835309E-4	2.537588E-1	4.424233E-2
5.016250E+1	8.443117E-4	2.119675E-1	-6.895120E-2
5.027500E+1	8.785082E-4	9.667560E-2	-5.006815E-2
5.038750E+1	6.611469E-4	3.736720E-2	2.930865E-2
5.050000E+1	7.857967E-4	1.578124E-1	1.159536E-1
5.061250E+1	7.151393E-4	1.921318E-1	7.269431E-2
5.072500E+1	6.607920E-4	1.950409E-1	-4.653464E-2
5.083750E+1	6.049587E-4	1.058639E-1	-9.417014E-2
5.095000E+1	6.561397E-4	4.412225E-2	2.635278E-4
5.106250E+1	6.893450E-4	1.321150E-1	1.227634E-1
5.117500E+1	6.036049E-4	2.349818E-1	2.274101E-1
5.128750E+1	5.654444E-4	3.026143E-1	2.163704E-1
5.140000E+1	6.393968E-4	3.253563E-1	1.115257E-1
5.151250E+1	6.091019E-4	3.296811E-1	-4.651458E-2
5.162500E+1	5.048819E-4	2.840793E-1	-1.610452E-1
5.173750E+1	4.808683E-4	2.222102E-1	-2.050610E-1
5.185000E+1	5.265803E-4	1.472682E-1	-1.389789E-1
5.196250E+1	5.181192E-4	1.081070E-1	3.584512E-3
5.207500E+1	5.390075E-4	1.424772E-1	1.272214E-1
5.218750E+1	4.995161E-4	1.809969E-1	1.772349E-1
5.230000E+1	4.564514E-4	1.862764E-1	1.411217E-1
5.241250E+1	5.238998E-4	1.648185E-1	8.652177E-2
5.252500E+1	5.654374E-4	1.371635E-1	5.380679E-2
5.263750E+1	5.273757E-4	1.220748E-1	4.679503E-2
5.275000E+1	5.355309E-4	1.085750E-1	5.008859E-2
5.286250E+1	5.205707E-4	1.010392E-1	6.570628E-2
5.297500E+1	5.623344E-4	1.158648E-1	7.360218E-2
5.308750E+1	4.938536E-4	1.288862E-1	9.455293E-2
5.320000E+1	5.629932E-4	1.470653E-1	1.071900E-1
5.331250E+1	5.476869E-4	1.664239E-1	1.103135E-1
5.342500E+1	4.476943E-4	1.992407E-1	1.306895E-1
5.353750E+1	4.108300E-4	2.333867E-1	1.348836E-1
5.365000E+1	4.649311E-4	2.634184E-1	1.180441E-1
5.376250E+1	5.537280E-4	2.918516E-1	8.820973E-2
5.387500E+1	4.983663E-4	3.157240E-1	4.121558E-2
5.398750E+1	5.374810E-4	3.359566E-1	-2.654659E-2
5.410000E+1	5.624306E-4	3.407403E-1	-1.000061E-1
5.421250E+1	6.150260E-4	3.459454E-1	-1.714153E-1
5.432500E+1	5.292879E-4	3.559574E-1	-2.444628E-1
5.443750E+1	4.864085E-4	3.476949E-1	-2.903399E-1
5.455000E+1	5.264862E-4	3.404948E-1	-3.221644E-1
5.466250E+1	5.140849E-4	3.084239E-1	-3.049579E-1
5.477500E+1	5.454652E-4	2.766573E-1	-2.764059E-1
5.488750E+1	5.093159E-4	2.362685E-1	-2.274719E-1
5.500000E+1	4.657437E-4	2.059749E-1	-1.888017E-1
