Freq (Hz)	PSD/Measured Spectrum: Power CH2 (Vrms/rtHz)	Freq Response Module (Vrms)	Freq Response Im part (Unitless Power)
5.000000E+0	1.896348E-2	2.306029E+0	6.096637E-2
5.162500E+0	2.032271E-2	2.539137E+0	-5.063558E-1
5.325000E+0	2.045792E-2	2.363940E+0	-2.683652E-1
5.487500E+0	1.754316E-2	2.173733E+0	-3.810715E-1
5.650000E+0	1.641913E-2	2.010528E+0	-7.201005E-2
5.812500E+0	2.153489E-2	1.727359E+0	-3.190703E-1
5.975000E+0	2.303851E-2	2.016226E+0	-7.184066E-1
6.137500E+0	1.895236E-2	1.987336E+0	-9.113238E-1
6.300000E+0	2.067405E-2	1.546001E+0	-1.779267E-1
6.462500E+0	2.089603E-2	1.241810E+0	-2.482179E-1
6.625000E+0	2.182660E-2	1.311643E+0	-9.853409E-1
6.787500E+0	1.942273E-2	1.328916E+0	-1.129631E+0
6.950000E+0	1.934461E-2	1.183298E+0	-8.553413E-1
7.112500E+0	2.195727E-2	2.138243E+0	-1.493026E+0
7.275000E+0	2.256201E-2	2.430067E+0	-1.986566E+0
7.437500E+0	2.019293E-2	2.573465E+0	-2.188065E+0
7.600000E+0	2.477454E-2	2.592090E+0	-2.175490E+0
7.762500E+0	2.018736E-2	2.829752E+0	-2.424168E+0
7.925000E+0	2.030531E-2	3.110005E+0	-2.421383E+0
8.087500E+0	2.232573E-2	3.268020E+0	-2.290687E+0
8.250000E+0	2.463307E-2	3.091436E+0	-2.037320E+0
8.412500E+0	2.415784E-2	3.048412E+0	-2.121592E+0
8.575000E+0	2.841318E-2	2.468649E+0	-1.936141E+0
8.737500E+0	2.197899E-2	3.042680E+0	-2.236441E+0
8.900000E+0	2.354928E-2	3.653608E+0	-3.212811E+0
9.062500E+0	2.718569E-2	2.818083E+0	-2.553530E+0
9.225000E+0	2.883123E-2	2.656632E+0	-2.483629E+0
9.387500E+0	2.339964E-2	2.130818E+0	-2.090611E+0
9.550000E+0	2.136001E-2	1.775680E+0	-1.772258E+0
9.712500E+0	2.969034E-2	2.492372E+0	-2.491601E+0
9.875000E+0	2.423697E-2	2.506016E+0	-2.491507E+0
1.003750E+1	2.062776E-2	2.176727E+0	-2.159491E+0
1.020000E+1	2.769269E-2	1.979422E+0	-1.977376E+0
1.036250E+1	2.976461E-2	2.407486E+0	-2.406421E+0
1.052500E+1	2.430495E-2	1.767458E+0	-1.732226E+0
1.068750E+1	2.783972E-2	2.265774E+0	-2.264760E+0
1.085000E+1	2.798625E-2	2.404388E+0	-2.404304E+0
1.101250E+1	2.622984E-2	2.597287E+0	-2.594769E+0
1.117500E+1	2.342899E-2	2.331845E+0	-2.296434E+0
1.133750E+1	2.681922E-2	2.326852E+0	-2.293685E+0
1.150000E+1	2.211975E-2	2.810236E+0	-2.510428E+0
1.166250E+1	2.152524E-2	2.240719E+0	-1.748208E+0
1.182500E+1	2.573787E-2	2.393935E+0	-2.092228E+0
1.198750E+1	2.538097E-2	1.806548E+0	-1.470724E+0
1.215000E+1	2.356878E-2	1.866343E+0	-1.460608E+0
1.231250E+1	2.032069E-2	1.458683E+0	-1.260949E+0
1.247500E+1	1.793204E-2	1.283014E+0	-1.096700E+0
1.263750E+1	2.419800E-2	1.296433E+0	-1.029325E+0
1.280000E+1	2.033150E-2	1.551937E+0	-1.332370E+0
1.296250E+1	2.112670E-2	1.878669E+0	-1.592365E+0
1.312500E+1	2.199656E-2	1.825147E+0	-1.524786E+0
1.328750E+1	1.567798E-2	1.722260E+0	-1.305966E+0
1.345000E+1	1.757823E-2	1.470103E+0	-1.210409E+0
1.361250E+1	1.885203E-2	1.536887E+0	-1.087124E+0
1.377500E+1	1.846494E-2	1.649049E+0	-1.108894E+0
1.393750E+1	1.819715E-2	1.213687E+0	-7.584684E-1
1.410000E+1	1.738256E-2	1.185708E+0	-7.936354E-1
1.426250E+1	1.537736E-2	1.124123E+0	-8.259636E-1
1.442500E+1	1.854542E-2	9.274752E-1	-4.963873E-1
1.458750E+1	1.822758E-2	1.234963E+0	-8.978803E-1
1.475000E+1	1.825765E-2	8.496416E-1	-4.131384E-1
1.491250E+1	2.071021E-2	1.008047E+0	-1.624848E-1
1.507500E+1	2.069074E-2	7.266353E-1	-3.574935E-1
1.523750E+1	2.573273E-2	1.198370E+0	-1.387581E-1
1.540000E+1	2.019194E-2	7.018756E-1	-4.561506E-1
1.556250E+1	2.456636E-2	1.094789E+0	-3.684095E-1
1.572500E+1	2.161750E-2	5.550841E-1	-2.980767E-1
1.588750E+1	1.947660E-2	7.449910E-1	-1.061928E-1
1.605000E+1	1.787687E-2	5.614234E-1	-4.576191E-1
1.621250E+1	1.524768E-2	9.198647E-1	-7.605981E-1
1.637500E+1	1.392903E-2	7.164776E-1	-4.245946E-1
1.653750E+1	1.482275E-2	8.140063E-1	-5.126783E-1
1.670000E+1	1.334937E-2	9.794992E-1	-3.971651E-1
1.686250E+1	1.226324E-2	1.100995E+0	-3.043597E-1
1.702500E+1	1.058125E-2	6.579738E-1	5.955761E-2
1.718750E+1	9.761280E-3	6.346746E-1	-1.081753E-1
1.735000E+1	9.807198E-3	4.314826E-1	-2.227421E-2
1.751250E+1	8.870973E-3	6.041953E-1	-3.912753E-1
1.767500E+1	9.249463E-3	5.688268E-1	-8.830747E-2
1.783750E+1	8.357895E-3	4.971917E-1	-1.347578E-1
1.800000E+1	8.366100E-3	6.989077E-1	-2.008735E-1
1.816250E+1	7.591674E-3	5.953770E-1	-2.063711E-1
1.832500E+1	8.565634E-3	6.587099E-1	-2.298238E-1
1.848750E+1	8.203367E-3	6.525428E-1	-2.236238E-1
1.865000E+1	1.040624E-2	5.348179E-1	-1.441371E-1
1.881250E+1	8.366741E-3	5.793253E-1	-1.313865E-1
1.897500E+1	8.483685E-3	4.400648E-1	-4.295102E-2
1.913750E+1	7.687450E-3	5.234622E-1	-5.042746E-2
1.930000E+1	8.735197E-3	4.929690E-1	-2.176681E-1
1.946250E+1	6.643603E-3	3.827091E-1	-1.885675E-1
1.962500E+1	7.493268E-3	5.020192E-1	-3.107328E-1
1.978750E+1	8.212409E-3	6.980245E-1	-4.949703E-1
1.995000E+1	7.831754E-3	5.736111E-1	-1.564316E-1
2.011250E+1	6.598101E-3	4.347818E-1	9.616461E-2
2.027500E+1	7.570106E-3	4.012610E-1	-7.515891E-2
2.043750E+1	8.144498E-3	3.608265E-1	-1.374280E-1
2.060000E+1	7.429130E-3	3.426804E-1	-1.906204E-1
2.076250E+1	6.929259E-3	4.035097E-1	-2.972663E-1
2.092500E+1	7.507708E-3	4.561142E-1	-9.667251E-2
2.108750E+1	6.402018E-3	5.385574E-1	7.924239E-2
2.125000E+1	6.388829E-3	3.364193E-1	-1.298439E-1
2.141250E+1	7.271402E-3	4.731836E-1	-1.910487E-1
2.157500E+1	6.332570E-3	5.056859E-1	-2.233189E-1
2.173750E+1	6.752009E-3	4.452244E-1	5.700238E-2
2.190000E+1	5.895854E-3	2.262353E-1	6.990258E-2
2.206250E+1	6.266290E-3	2.191134E-1	-4.840614E-2
2.222500E+1	6.172004E-3	3.853867E-1	-1.991409E-1
2.238750E+1	5.766663E-3	4.865630E-1	-1.432623E-1
2.255000E+1	6.154487E-3	5.176597E-1	2.307140E-2
2.271250E+1	5.206038E-3	3.124764E-1	2.499527E-2
2.287500E+1	5.932788E-3	2.922599E-1	-1.329463E-1
2.303750E+1	5.365668E-3	3.298609E-1	-1.445031E-1
2.320000E+1	5.501543E-3	4.686788E-1	-1.821230E-1
2.336250E+1	5.580419E-3	5.129510E-1	-1.583882E-1
2.352500E+1	4.923348E-3	4.407773E-1	6.995712E-3
2.368750E+1	5.736414E-3	3.843599E-1	-2.241166E-3
2.385000E+1	4.476987E-3	2.493171E-1	-3.012010E-2
2.401250E+1	4.837245E-3	4.214148E-1	-2.344359E-1
2.417500E+1	4.563540E-3	3.673316E-1	-7.524990E-2
2.433750E+1	5.003388E-3	2.434377E-1	8.986457E-2
2.450000E+1	4.931540E-3	3.014943E-1	1.102415E-2
2.466250E+1	3.779829E-3	2.144332E-1	-1.028212E-1
2.482500E+1	4.272255E-3	3.627983E-1	-7.819057E-2
2.498750E+1	4.175573E-3	2.803215E-1	2.271201E-2
2.515000E+1	4.057108E-3	3.344550E-1	-4.102961E-2
2.531250E+1	4.193489E-3	3.222912E-1	-2.195651E-2
2.547500E+1	3.149507E-3	2.831134E-1	7.083689E-3
2.563750E+1	3.863776E-3	2.533233E-1	6.796376E-2
2.580000E+1	3.500695E-3	2.488697E-1	1.368484E-2
2.596250E+1	3.218390E-3	2.691035E-1	-1.726099E-3
2.612500E+1	2.998293E-3	3.587468E-1	-2.820840E-2
2.628750E+1	3.530468E-3	2.567652E-1	3.135009E-2
2.645000E+1	3.348549E-3	2.290621E-1	1.320581E-2
2.661250E+1	3.169128E-3	3.447317E-1	-1.112370E-1
2.677500E+1	3.165069E-3	3.685042E-1	-7.532908E-4
2.693750E+1	3.203343E-3	2.377996E-1	6.599210E-2
2.710000E+1	2.631208E-3	1.433382E-1	-5.266475E-2
2.726250E+1	3.546077E-3	2.423829E-1	-8.549260E-2
2.742500E+1	3.276317E-3	3.048647E-1	1.817508E-2
2.758750E+1	2.806623E-3	2.803464E-1	2.481181E-2
2.775000E+1	2.591257E-3	1.952934E-1	2.145849E-2
2.791250E+1	2.429366E-3	2.067645E-1	-2.659879E-2
2.807500E+1	2.210340E-3	2.786571E-1	-1.734509E-2
2.823750E+1	2.637152E-3	2.184532E-1	1.658254E-2
2.840000E+1	2.588455E-3	2.073883E-1	1.124264E-2
2.856250E+1	2.692170E-3	2.315935E-1	-4.200378E-2
2.872500E+1	2.497733E-3	1.739882E-1	1.787227E-2
2.888750E+1	2.195365E-3	2.608471E-1	-6.113475E-2
2.905000E+1	2.458339E-3	2.574977E-1	4.299621E-2
2.921250E+1	2.639621E-3	2.027646E-1	4.373314E-2
2.937500E+1	2.509196E-3	2.017768E-1	-1.648962E-2
2.953750E+1	2.467790E-3	2.298889E-1	-3.890108E-2
2.970000E+1	2.185680E-3	1.827711E-1	-1.011332E-2
2.986250E+1	2.329045E-3	2.103948E-1	-2.550984E-2
3.002500E+1	1.915273E-3	1.955291E-1	1.008437E-2
3.018750E+1	2.059886E-3	2.211848E-1	3.573872E-2
3.035000E+1	1.975990E-3	1.766766E-1	5.472460E-2
3.051250E+1	1.768663E-3	1.702616E-1	-4.676825E-2
3.067500E+1	1.624314E-3	2.379374E-1	-1.377602E-2
3.083750E+1	1.778003E-3	2.000042E-1	1.029675E-1
3.100000E+1	1.883894E-3	1.086923E-1	-4.918940E-2
3.116250E+1	1.794948E-3	2.355776E-1	-1.688369E-2
3.132500E+1	1.812514E-3	1.851914E-1	1.041155E-1
3.148750E+1	1.605406E-3	1.459917E-1	-3.620546E-2
3.165000E+1	1.807908E-3	2.235512E-1	9.243791E-3
3.181250E+1	1.725232E-3	1.420421E-1	9.454918E-2
3.197500E+1	1.715160E-3	1.416865E-1	-2.359285E-2
3.213750E+1	1.537199E-3	2.308720E-1	2.319005E-2
3.230000E+1	1.704808E-3	1.340145E-1	5.125155E-2
3.246250E+1	1.485840E-3	1.471766E-1	-4.735962E-2
3.262500E+1	1.697292E-3	2.104523E-1	3.009718E-2
3.278750E+1	1.740162E-3	1.053300E-1	4.013538E-2
3.295000E+1	1.447960E-3	1.378439E-1	-4.515705E-2
3.311250E+1	1.495970E-3	1.448777E-1	1.977980E-2
3.327500E+1	1.299503E-3	1.018644E-1	2.486474E-3
3.343750E+1	1.375428E-3	1.600190E-1	7.182021E-3
3.360000E+1	1.493256E-3	1.085418E-1	3.722623E-2
3.376250E+1	1.693752E-3	1.394062E-1	-1.850680E-2
3.392500E+1	1.601600E-3	1.853301E-1	4.741766E-2
3.408750E+1	1.506809E-3	1.009762E-1	-1.540505E-3
3.425000E+1	1.490167E-3	1.781527E-1	1.646486E-2
3.441250E+1	1.653375E-3	1.299276E-1	6.363337E-2
3.457500E+1	1.295771E-3	1.536716E-1	-1.446006E-2
3.473750E+1	1.440196E-3	1.664377E-1	6.777920E-2
3.490000E+1	1.461430E-3	1.161435E-1	-1.236793E-3
3.506250E+1	1.243823E-3	1.576393E-1	1.010079E-2
3.522500E+1	1.494765E-3	1.242812E-1	1.940661E-2
3.538750E+1	1.413802E-3	1.411179E-1	1.801729E-2
3.555000E+1	1.368368E-3	9.924313E-2	8.462321E-3
3.571250E+1	1.340603E-3	1.463528E-1	1.194269E-2
3.587500E+1	1.454481E-3	1.302437E-1	6.731386E-2
3.603750E+1	1.344549E-3	1.359670E-1	-2.674870E-2
3.620000E+1	1.224977E-3	1.562801E-1	3.949755E-2
3.636250E+1	1.371126E-3	9.728751E-2	-3.134456E-2
3.652500E+1	1.189518E-3	1.638274E-1	3.818120E-2
3.668750E+1	1.191839E-3	5.237624E-2	2.421374E-2
3.685000E+1	1.198921E-3	1.534225E-1	-6.050770E-3
3.701250E+1	1.331340E-3	1.056079E-1	4.978732E-2
3.717500E+1	1.148201E-3	1.193804E-1	-1.887573E-2
3.733750E+1	1.178607E-3	1.158071E-1	4.991649E-2
3.750000E+1	1.099188E-3	8.813933E-2	1.544170E-2
3.766250E+1	1.064107E-3	1.190230E-1	6.752973E-4
3.782500E+1	1.258193E-3	9.934609E-2	4.495462E-2
3.798750E+1	1.235999E-3	8.094987E-2	-3.173574E-2
3.815000E+1	1.217187E-3	1.728345E-1	6.856523E-2
3.831250E+1	1.260463E-3	5.318785E-2	-3.960303E-3
3.847500E+1	1.129829E-3	1.590089E-1	3.460415E-2
3.863750E+1	1.097428E-3	5.365787E-2	5.204658E-3
3.880000E+1	1.244361E-3	1.510470E-1	1.370906E-2
3.896250E+1	1.245538E-3	5.815766E-2	2.525423E-2
3.912500E+1	1.094716E-3	1.267690E-1	-6.128693E-3
3.928750E+1	1.005724E-3	7.962969E-2	3.888904E-2
3.945000E+1	1.042682E-3	1.089215E-1	1.679408E-2
3.961250E+1	9.355439E-4	1.061908E-1	2.436188E-2
3.977500E+1	1.150489E-3	8.027475E-2	2.402059E-2
3.993750E+1	1.068139E-3	1.121698E-1	2.452667E-3
4.010000E+1	1.187566E-3	7.255593E-2	2.994320E-2
4.026250E+1	1.117829E-3	1.245242E-1	-7.353018E-3
4.042500E+1	1.044302E-3	7.744420E-2	6.523993E-2
4.058750E+1	1.125811E-3	1.495356E-1	-2.508080E-2
4.075000E+1	9.206650E-4	7.465153E-2	6.709971E-2
4.091250E+1	8.977924E-4	1.551993E-1	-2.181004E-2
4.107500E+1	1.147883E-3	5.586107E-2	4.942638E-2
4.123750E+1	1.175053E-3	1.388353E-1	2.196978E-3
4.140000E+1	1.016184E-3	1.909152E-2	1.510420E-2
4.156250E+1	1.103446E-3	1.318834E-1	1.718542E-2
4.172500E+1	9.386637E-4	3.252869E-2	9.044556E-3
4.188750E+1	1.048674E-3	1.447950E-1	1.556569E-2
4.205000E+1	1.076316E-3	3.334082E-2	1.528056E-2
4.221250E+1	1.051328E-3	1.237507E-1	1.176216E-2
4.237500E+1	1.004037E-3	6.264647E-2	3.881785E-2
4.253750E+1	1.116517E-3	1.193272E-1	-1.117358E-2
4.270000E+1	9.423378E-4	7.295940E-2	5.565043E-2
4.286250E+1	9.613333E-4	1.153662E-1	-2.067703E-2
4.302500E+1	1.000966E-3	6.087357E-2	4.921647E-2
4.318750E+1	9.832861E-4	1.245812E-1	-1.494421E-2
4.335000E+1	1.070294E-3	3.891299E-2	3.027218E-2
4.351250E+1	9.334105E-4	1.252583E-1	2.155211E-2
4.367500E+1	1.133919E-3	1.646241E-2	5.955069E-3
4.383750E+1	1.031416E-3	1.299833E-1	2.792758E-2
4.400000E+1	9.963477E-4	4.945662E-2	-2.599029E-2
4.416250E+1	9.217528E-4	1.148541E-1	5.708986E-2
4.432500E+1	1.014074E-3	6.807958E-2	-1.417573E-2
4.448750E+1	8.365958E-4	8.461050E-2	6.266527E-2
4.465000E+1	9.162909E-4	9.410502E-2	-2.224256E-2
4.481250E+1	1.015497E-3	6.359205E-2	2.863291E-2
4.497500E+1	1.051642E-3	8.237925E-2	3.071697E-2
4.513750E+1	9.114689E-4	5.858478E-2	5.655979E-3
4.530000E+1	9.831275E-4	7.197300E-2	2.130678E-2
4.546250E+1	1.008168E-3	7.223336E-2	-2.901789E-3
4.562500E+1	8.433603E-4	6.822620E-2	2.212653E-2
4.578750E+1	8.922840E-4	8.154657E-2	2.262357E-2
4.595000E+1	8.945178E-4	5.825409E-2	-3.610176E-3
4.611250E+1	9.943340E-4	7.664181E-2	5.379950E-2
4.627500E+1	9.186387E-4	7.622688E-2	-2.171020E-2
4.643750E+1	9.431785E-4	5.967578E-2	4.813143E-2
4.660000E+1	8.697464E-4	1.076560E-1	-1.783017E-3
4.676250E+1	8.722629E-4	1.086842E-2	8.796064E-3
4.692500E+1	1.047112E-3	1.071143E-1	4.629156E-2
4.708750E+1	1.107823E-3	5.123346E-2	-1.877877E-2
4.725000E+1	9.018439E-4	7.932393E-2	5.220579E-2
4.741250E+1	9.390155E-4	9.055424E-2	-1.132753E-2
4.757500E+1	9.027378E-4	3.104701E-2	1.907550E-2
4.773750E+1	1.020213E-3	8.106127E-2	2.818939E-2
4.790000E+1	9.706714E-4	5.500398E-2	7.325279E-3
4.806250E+1	1.082807E-3	6.860077E-2	4.623607E-2
4.822500E+1	8.457440E-4	7.263629E-2	-1.083459E-3
4.838750E+1	1.049407E-3	4.586656E-2	1.714632E-2
4.855000E+1	9.563203E-4	7.378635E-2	1.474862E-2
4.871250E+1	8.762434E-4	4.523066E-2	1.813975E-2
4.887500E+1	9.799753E-4	7.894554E-2	1.009071E-2
4.903750E+1	1.186186E-3	5.296951E-2	2.471406E-3
4.920000E+1	1.072809E-3	5.934441E-2	3.256350E-2
4.936250E+1	1.057021E-3	6.819101E-2	3.398931E-3
4.952500E+1	1.079141E-3	2.355086E-2	8.160383E-3
4.968750E+1	9.634831E-4	7.117645E-2	3.152134E-2
4.985000E+1	1.192527E-3	5.736647E-2	2.265878E-3
5.001250E+1	1.122948E-3	1.895795E-2	1.061604E-2
5.017500E+1	9.425873E-4	7.335599E-2	3.899936E-2
5.033750E+1	9.236849E-4	5.652016E-2	-1.721792E-2
5.050000E+1	1.041471E-3	5.126232E-2	3.851397E-2
5.066250E+1	8.963092E-4	6.772740E-2	8.593286E-3
5.082500E+1	1.126546E-3	4.902955E-2	7.291548E-3
5.098750E+1	1.052005E-3	4.659520E-2	2.201242E-2
5.115000E+1	9.763116E-4	5.407320E-2	1.560853E-2
5.131250E+1	1.001031E-3	5.329101E-2	7.995087E-3
5.147500E+1	9.615154E-4	5.364925E-2	1.091782E-2
5.163750E+1	9.242705E-4	3.484070E-2	2.701159E-3
5.180000E+1	9.145056E-4	5.504940E-2	3.092288E-2
5.196250E+1	1.009464E-3	5.902221E-2	1.169225E-3
5.212500E+1	8.907481E-4	3.744480E-2	1.901999E-2
5.228750E+1	9.289057E-4	6.155636E-2	3.017868E-2
5.245000E+1	1.055060E-3	6.345551E-2	-2.340123E-3
5.261250E+1	9.383323E-4	3.481794E-2	1.405190E-2
5.277500E+1	1.022874E-3	5.356834E-2	3.244344E-2
5.293750E+1	9.385706E-4	6.310543E-2	-1.683011E-3
5.310000E+1	9.424051E-4	1.880005E-2	3.041171E-3
5.326250E+1	1.005433E-3	7.211442E-2	3.851834E-2
5.342500E+1	9.852726E-4	5.702091E-2	-7.965643E-3
5.358750E+1	9.341848E-4	2.931575E-2	2.617099E-2
5.375000E+1	9.572910E-4	7.086466E-2	3.414725E-2
5.391250E+1	9.702017E-4	5.377275E-2	-1.520681E-2
5.407500E+1	1.012830E-3	1.516448E-2	1.515247E-2
5.423750E+1	1.030371E-3	7.572834E-2	3.565981E-2
5.440000E+1	9.991421E-4	5.539359E-2	-1.586735E-2
5.456250E+1	9.720054E-4	2.402418E-2	1.610111E-2
5.472500E+1	1.094063E-3	6.132752E-2	3.335119E-2
5.488750E+1	9.953227E-4	6.133975E-2	-1.887949E-2
5.505000E+1	1.025292E-3	2.328993E-2	2.151714E-2
5.521250E+1	1.014589E-3	6.662550E-2	3.357143E-2
5.537500E+1	9.294144E-4	6.135406E-2	-4.176349E-3
5.553750E+1	1.019471E-3	5.064617E-3	-3.172165E-3
5.570000E+1	1.079296E-3	6.072484E-2	5.222955E-2
5.586250E+1	1.015596E-3	8.448418E-2	2.066915E-2
5.602500E+1	1.043400E-3	4.471869E-2	-2.568004E-2
5.618750E+1	1.074093E-3	1.876831E-2	1.746662E-2
5.635000E+1	1.010632E-3	7.137519E-2	5.627168E-2
5.651250E+1	1.069744E-3	7.541107E-2	1.320426E-3
5.667500E+1	1.037434E-3	3.545100E-2	-1.861501E-2
5.683750E+1	1.114726E-3	1.638546E-2	1.628704E-2
5.700000E+1	1.072764E-3	5.664310E-2	4.035151E-2
5.716250E+1	1.074540E-3	6.475656E-2	1.475289E-2
5.732500E+1	1.013095E-3	4.287168E-2	-1.253400E-2
5.748750E+1	1.072707E-3	1.657479E-2	1.404432E-3
5.765000E+1	1.092001E-3	4.559023E-2	4.087416E-2
5.781250E+1	1.167019E-3	5.795508E-2	2.391334E-2
5.797500E+1	1.169296E-3	4.877925E-2	-9.752112E-3
5.813750E+1	1.127862E-3	2.735049E-2	1.534373E-2
5.830000E+1	1.100935E-3	4.275277E-2	2.774564E-2
5.846250E+1	1.147552E-3	4.838713E-2	1.803356E-2
5.862500E+1	1.144069E-3	2.545353E-2	6.833459E-3
5.878750E+1	1.181442E-3	3.565403E-2	2.427206E-2
5.895000E+1	1.076769E-3	4.793996E-2	6.056763E-3
5.911250E+1	1.198333E-3	1.926721E-2	-1.478365E-3
5.927500E+1	1.173589E-3	3.393292E-2	2.677060E-2
5.943750E+1	1.149909E-3	5.947052E-2	3.901886E-2
5.960000E+1	1.174044E-3	6.711900E-2	5.406599E-3
5.976250E+1	1.162259E-3	3.609798E-2	-2.880991E-2
5.992500E+1	1.196015E-3	2.538242E-2	8.492522E-3
6.008750E+1	1.189585E-3	7.260481E-2	6.799071E-2
6.025000E+1	1.225208E-3	9.032673E-2	2.997340E-2
6.041250E+1	1.212443E-3	7.132526E-2	-3.209224E-2
6.057500E+1	1.209952E-3	3.115853E-2	-3.058230E-2
6.073750E+1	1.189637E-3	3.584770E-2	2.933567E-2
6.090000E+1	1.270830E-3	6.484190E-2	5.653448E-2
6.106250E+1	1.283931E-3	7.236674E-2	2.676115E-2
6.122500E+1	1.283493E-3	4.681632E-2	-1.540012E-2
6.138750E+1	1.253995E-3	2.036829E-2	4.835691E-3
6.155000E+1	1.304816E-3	3.283413E-2	1.567436E-2
6.171250E+1	1.348999E-3	3.786392E-2	3.495669E-3
6.187500E+1	1.319031E-3	2.183265E-2	3.628112E-4
6.203750E+1	1.336574E-3	2.388370E-2	2.211821E-2
6.220000E+1	1.376112E-3	5.169703E-2	3.261466E-2
6.236250E+1	1.318663E-3	4.832489E-2	7.465914E-3
6.252500E+1	1.378611E-3	3.053913E-2	5.552983E-3
6.268750E+1	1.317792E-3	3.059884E-2	1.484244E-2
6.285000E+1	1.358524E-3	4.592814E-2	1.822710E-2
6.301250E+1	1.424340E-3	4.234461E-2	-3.875146E-4
6.317500E+1	1.358766E-3	2.965690E-2	-2.117899E-2
6.333750E+1	1.375112E-3	1.470523E-2	2.151723E-3
6.350000E+1	1.428444E-3	4.991712E-2	4.862664E-2
6.366250E+1	1.411063E-3	7.164138E-2	6.404468E-2
6.382500E+1	1.441843E-3	8.402367E-2	2.985796E-2
6.398750E+1	1.437924E-3	7.408175E-2	-5.164823E-3
6.415000E+1	1.524624E-3	4.791039E-2	-2.801293E-2
6.431250E+1	1.496060E-3	2.140608E-2	-1.950924E-2
6.447500E+1	1.492864E-3	1.056059E-2	2.391425E-3
6.463750E+1	1.533032E-3	2.125357E-2	2.074070E-2
6.480000E+1	1.586122E-3	4.238531E-2	4.148736E-2
6.496250E+1	1.588018E-3	4.693680E-2	3.721658E-2
6.512500E+1	1.605109E-3	5.244109E-2	3.536098E-2
6.528750E+1	1.673196E-3	6.154036E-2	3.115172E-2
6.545000E+1	1.569323E-3	6.427918E-2	9.348630E-3
6.561250E+1	1.612325E-3	6.645903E-2	-2.353038E-2
6.577500E+1	1.639868E-3	5.203148E-2	-4.578010E-2
6.593750E+1	1.703832E-3	3.257612E-2	-2.666128E-2
6.610000E+1	1.657579E-3	3.268956E-2	1.393681E-2
6.626250E+1	1.719490E-3	4.809112E-2	4.679730E-2
6.642500E+1	1.691796E-3	5.879436E-2	5.529223E-2
6.658750E+1	1.729456E-3	5.502614E-2	3.606700E-2
6.675000E+1	1.735653E-3	4.910835E-2	1.478506E-2
6.691250E+1	1.758662E-3	3.120521E-2	3.612657E-3
6.707500E+1	1.764323E-3	2.213878E-2	1.085659E-2
6.723750E+1	1.803029E-3	3.494572E-2	2.392063E-2
6.740000E+1	1.854979E-3	4.315523E-2	2.439224E-2
6.756250E+1	1.857257E-3	4.570317E-2	1.836596E-2
6.772500E+1	1.914880E-3	4.005253E-2	8.879695E-3
6.788750E+1	1.947364E-3	3.700596E-2	3.000502E-3
6.805000E+1	1.987598E-3	3.486581E-2	9.570490E-3
6.821250E+1	1.999691E-3	3.335347E-2	7.446249E-3
6.837500E+1	2.026698E-3	4.262425E-2	4.103946E-3
6.853750E+1	2.049829E-3	4.942716E-2	-6.277070E-3
6.870000E+1	2.109518E-3	4.960683E-2	-1.402841E-2
6.886250E+1	2.105226E-3	4.698375E-2	-2.733489E-2
6.902500E+1	2.176523E-3	4.358775E-2	-3.373207E-2
6.918750E+1	2.200436E-3	4.266674E-2	-4.006099E-2
6.935000E+1	2.222638E-3	4.843126E-2	-4.827356E-2
6.951250E+1	2.342332E-3	4.907488E-2	-4.017317E-2
6.967500E+1	2.333710E-3	5.119761E-2	-2.556794E-2
6.983750E+1	2.339366E-3	4.807702E-2	4.636982E-3
7.000000E+1	2.404199E-3	5.969530E-2	3.475650E-2
