Freq (Hz)	PSD/Measured Spectrum: Power CH2 (Vrms/rtHz)	Freq Response Module (Vrms)	Freq Response Im part (Unitless Power)
5.000000E+0	2.935663E-2	1.719833E+0	-8.166196E-1
5.162500E+0	3.172709E-2	2.023391E+0	-1.466638E+0
5.325000E+0	2.698523E-2	2.552876E+0	-1.660111E+0
5.487500E+0	2.870140E-2	2.265589E+0	-1.667484E+0
5.650000E+0	3.434499E-2	2.836546E+0	-1.745756E+0
5.812500E+0	2.623207E-2	2.138091E+0	-1.768209E+0
5.975000E+0	2.872045E-2	2.316542E+0	-2.274399E+0
6.137500E+0	2.358476E-2	3.167532E+0	-2.867583E+0
6.300000E+0	2.995789E-2	3.834152E+0	-3.559058E+0
6.462500E+0	3.002847E-2	3.861716E+0	-3.220025E+0
6.625000E+0	3.284376E-2	3.699895E+0	-3.145396E+0
6.787500E+0	3.218344E-2	3.445734E+0	-3.144199E+0
6.950000E+0	3.390012E-2	3.793954E+0	-3.460983E+0
7.112500E+0	3.528966E-2	3.733297E+0	-3.523216E+0
7.275000E+0	3.135734E-2	4.208057E+0	-3.737589E+0
7.437500E+0	3.325721E-2	3.797129E+0	-3.567512E+0
7.600000E+0	3.908965E-2	4.097833E+0	-3.820541E+0
7.762500E+0	3.345213E-2	4.227635E+0	-4.080809E+0
7.925000E+0	3.338958E-2	4.622415E+0	-4.241070E+0
8.087500E+0	4.293431E-2	5.135212E+0	-5.020616E+0
8.250000E+0	3.661941E-2	5.158217E+0	-5.049480E+0
8.412500E+0	4.114466E-2	4.746563E+0	-4.690160E+0
8.575000E+0	4.503155E-2	4.503541E+0	-4.503209E+0
8.737500E+0	4.065602E-2	5.128829E+0	-5.128745E+0
8.900000E+0	4.629278E-2	4.137022E+0	-4.101629E+0
9.062500E+0	3.994223E-2	3.643787E+0	-3.610271E+0
9.225000E+0	4.291736E-2	4.209096E+0	-3.913012E+0
9.387500E+0	3.755661E-2	3.914052E+0	-3.679356E+0
9.550000E+0	3.511613E-2	3.084346E+0	-2.703343E+0
9.712500E+0	4.449905E-2	3.197427E+0	-2.723375E+0
9.875000E+0	4.320308E-2	3.676524E+0	-3.206115E+0
1.003750E+1	3.846008E-2	2.855669E+0	-2.687781E+0
1.020000E+1	3.795207E-2	2.993267E+0	-2.833994E+0
1.036250E+1	3.595002E-2	3.426695E+0	-2.715270E+0
1.052500E+1	3.325834E-2	3.348065E+0	-2.717264E+0
1.068750E+1	3.123356E-2	3.288617E+0	-2.568218E+0
1.085000E+1	3.477941E-2	2.798388E+0	-1.841663E+0
1.101250E+1	3.201051E-2	3.021229E+0	-1.587483E+0
1.117500E+1	3.071817E-2	2.734437E+0	-1.517619E+0
1.133750E+1	2.669762E-2	2.322160E+0	-8.286712E-1
1.150000E+1	2.919915E-2	1.613684E+0	-7.093738E-1
1.166250E+1	2.738721E-2	1.328550E+0	-9.642876E-1
1.182500E+1	2.148650E-2	1.493561E+0	-1.186386E+0
1.198750E+1	2.787551E-2	1.621636E+0	-1.284916E+0
1.215000E+1	2.262332E-2	1.061946E+0	-6.421359E-1
1.231250E+1	2.217021E-2	1.269768E+0	-9.612919E-1
1.247500E+1	2.192347E-2	1.509059E+0	-8.654308E-1
1.263750E+1	2.338889E-2	1.442822E+0	-1.109531E+0
1.280000E+1	1.922679E-2	1.405327E+0	-5.352015E-1
1.296250E+1	2.370274E-2	1.766727E+0	-1.146234E+0
1.312500E+1	1.879934E-2	1.753448E+0	-6.379370E-1
1.328750E+1	1.787892E-2	1.198799E+0	-6.049882E-1
1.345000E+1	2.050981E-2	1.347789E+0	-5.108899E-1
1.361250E+1	1.663944E-2	1.331985E+0	-6.551670E-1
1.377500E+1	1.920770E-2	1.321013E+0	-5.783063E-1
1.393750E+1	1.575932E-2	4.641696E-1	-2.628564E-1
1.410000E+1	2.033332E-2	1.364133E+0	-2.057756E-1
1.426250E+1	1.782318E-2	9.147032E-1	-3.292737E-1
1.442500E+1	1.818182E-2	9.808988E-1	-3.216085E-1
1.458750E+1	1.942185E-2	8.424277E-1	-5.062411E-1
1.475000E+1	2.098635E-2	7.523612E-1	-2.119579E-1
1.491250E+1	2.300482E-2	1.146140E+0	-6.909313E-1
1.507500E+1	1.754901E-2	1.338507E+0	-1.856679E-1
1.523750E+1	2.283222E-2	1.506892E+0	-6.095925E-1
1.540000E+1	1.845367E-2	6.871936E-1	4.877061E-2
1.556250E+1	2.278119E-2	6.978236E-1	-3.671953E-1
1.572500E+1	1.955654E-2	7.798223E-1	-3.250460E-1
1.588750E+1	2.096063E-2	7.261464E-1	-6.790337E-1
1.605000E+1	1.681361E-2	1.115138E+0	-4.576415E-1
1.621250E+1	1.652106E-2	1.074826E+0	-3.946242E-1
1.637500E+1	1.629085E-2	8.024074E-1	1.991786E-4
1.653750E+1	1.730254E-2	8.007879E-1	9.734069E-2
1.670000E+1	1.360037E-2	6.348438E-1	-5.054672E-2
1.686250E+1	1.219290E-2	5.661309E-1	-3.507565E-2
1.702500E+1	1.260596E-2	7.353716E-1	-1.333644E-1
1.718750E+1	1.316234E-2	9.423343E-1	-2.591842E-1
1.735000E+1	9.851336E-3	7.820721E-1	-2.341468E-1
1.751250E+1	1.078629E-2	5.205540E-1	-5.278644E-2
1.767500E+1	1.177720E-2	5.878699E-1	1.754287E-1
1.783750E+1	1.117575E-2	4.125543E-1	-1.630070E-1
1.800000E+1	1.067381E-2	6.008603E-1	-3.405627E-1
1.816250E+1	9.560162E-3	6.616036E-1	-2.281316E-1
1.832500E+1	9.219795E-3	7.877431E-1	-2.243236E-1
1.848750E+1	1.158185E-2	5.605534E-1	1.512934E-1
1.865000E+1	8.936455E-3	2.477137E-1	4.738719E-2
1.881250E+1	1.176988E-2	4.508897E-1	-9.581395E-2
1.897500E+1	9.557392E-3	4.740442E-1	-2.248221E-1
1.913750E+1	1.002618E-2	6.264645E-1	-2.403421E-1
1.930000E+1	9.367896E-3	5.179442E-1	-7.373093E-2
1.946250E+1	9.259796E-3	4.449992E-1	5.509330E-2
1.962500E+1	9.589825E-3	3.617464E-1	-1.731276E-1
1.978750E+1	1.017719E-2	3.488493E-1	-2.277129E-1
1.995000E+1	9.407371E-3	4.295925E-1	-9.468388E-2
2.011250E+1	9.772964E-3	5.575448E-1	5.817101E-2
2.027500E+1	9.763982E-3	4.418532E-1	-8.605957E-2
2.043750E+1	9.496463E-3	3.655822E-1	-6.380832E-2
2.060000E+1	9.514113E-3	3.416375E-1	-6.899050E-3
2.076250E+1	1.028824E-2	2.068998E-1	-8.190300E-2
2.092500E+1	9.448741E-3	2.736979E-1	2.167202E-1
2.108750E+1	7.767345E-3	2.858671E-1	-1.857515E-1
2.125000E+1	8.297649E-3	4.605353E-1	-2.467084E-1
2.141250E+1	1.016538E-2	5.619733E-1	-4.908868E-2
2.157500E+1	9.695782E-3	4.678826E-1	9.641776E-2
2.173750E+1	8.187154E-3	2.098593E-1	-1.183042E-1
2.190000E+1	8.092557E-3	4.156945E-1	-2.365291E-1
2.206250E+1	7.497278E-3	5.336995E-1	-7.678060E-2
2.222500E+1	9.015338E-3	4.417105E-1	-1.793800E-2
2.238750E+1	7.414522E-3	3.989419E-1	-3.082584E-2
2.255000E+1	8.035616E-3	2.658473E-1	-4.829198E-2
2.271250E+1	8.309804E-3	2.654314E-1	3.441869E-2
2.287500E+1	7.799640E-3	3.344623E-1	-1.065571E-1
2.303750E+1	7.898965E-3	3.909891E-1	-8.191413E-2
2.320000E+1	8.124107E-3	3.352928E-1	4.142843E-3
2.336250E+1	7.331817E-3	2.909820E-1	5.377281E-2
2.352500E+1	6.719973E-3	1.700584E-1	-1.292089E-1
2.368750E+1	7.088405E-3	4.355550E-1	-1.153604E-1
2.385000E+1	6.681630E-3	5.115132E-1	-1.246678E-1
2.401250E+1	6.764036E-3	5.587060E-1	1.843234E-1
2.417500E+1	5.293517E-3	2.404579E-1	1.402879E-1
2.433750E+1	6.309745E-3	3.375493E-1	-4.123954E-2
2.450000E+1	6.037684E-3	1.948113E-1	4.664072E-3
2.466250E+1	5.687302E-3	3.394845E-1	-4.629518E-2
2.482500E+1	6.528936E-3	3.803465E-1	3.383439E-2
2.498750E+1	5.923445E-3	2.398090E-1	9.349080E-2
2.515000E+1	5.427286E-3	2.018433E-1	-3.730749E-2
2.531250E+1	6.238819E-3	3.066982E-1	-6.151019E-2
2.547500E+1	4.999180E-3	4.972295E-1	-4.822598E-2
2.563750E+1	6.125684E-3	2.831890E-1	8.723950E-2
2.580000E+1	4.400552E-3	2.231279E-1	-1.185203E-1
2.596250E+1	5.270086E-3	4.055308E-1	-1.381131E-1
2.612500E+1	4.319916E-3	2.984033E-1	8.284355E-2
2.628750E+1	5.149302E-3	1.652871E-1	4.700139E-2
2.645000E+1	4.205034E-3	3.339831E-1	-1.960792E-1
2.661250E+1	4.380878E-3	3.422730E-1	6.821103E-2
2.677500E+1	4.847310E-3	1.897390E-1	1.359122E-1
2.693750E+1	5.081990E-3	1.461539E-1	-4.184809E-2
2.710000E+1	3.938783E-3	3.435636E-1	-6.684654E-2
2.726250E+1	4.026154E-3	3.044150E-1	2.109711E-1
2.742500E+1	4.608852E-3	1.066316E-1	5.082396E-2
2.758750E+1	3.203280E-3	3.426815E-1	-1.133981E-1
2.775000E+1	3.409937E-3	3.720868E-1	5.936442E-2
2.791250E+1	4.061746E-3	2.072052E-1	4.741356E-2
2.807500E+1	3.980669E-3	2.319905E-1	-6.350486E-3
2.823750E+1	3.840000E-3	1.957614E-1	5.011193E-4
2.840000E+1	3.346177E-3	1.828866E-1	-1.192662E-2
2.856250E+1	3.233783E-3	2.366613E-1	5.239109E-4
2.872500E+1	3.127433E-3	1.836935E-1	9.438345E-3
2.888750E+1	2.800518E-3	2.330695E-1	-2.760976E-2
2.905000E+1	3.763701E-3	2.396776E-1	4.234850E-2
2.921250E+1	3.131668E-3	1.549048E-1	2.197018E-2
2.937500E+1	3.286785E-3	2.066260E-1	-5.641170E-2
2.953750E+1	2.939438E-3	2.534401E-1	6.836311E-2
2.970000E+1	2.849252E-3	1.354705E-1	7.710809E-2
2.986250E+1	2.805210E-3	2.639051E-1	-5.803825E-2
3.002500E+1	2.895576E-3	2.698737E-1	7.940006E-2
3.018750E+1	3.111998E-3	7.665658E-2	-2.427405E-2
3.035000E+1	2.872784E-3	2.135053E-1	-3.798210E-2
3.051250E+1	3.163327E-3	2.811559E-1	1.608064E-1
3.067500E+1	2.239093E-3	5.656891E-2	4.943727E-2
3.083750E+1	2.775316E-3	2.502274E-1	-9.510446E-2
3.100000E+1	2.432904E-3	2.583734E-1	7.845939E-2
3.116250E+1	2.613913E-3	8.585026E-2	4.203485E-2
3.132500E+1	2.583855E-3	2.002147E-1	-8.986440E-2
3.148750E+1	2.781492E-3	2.297815E-1	7.069492E-2
3.165000E+1	2.470085E-3	1.073763E-1	2.178160E-2
3.181250E+1	3.057384E-3	2.218050E-1	3.711506E-3
3.197500E+1	2.864624E-3	2.128942E-1	1.561162E-1
3.213750E+1	2.780834E-3	1.284248E-1	-9.448583E-2
3.230000E+1	2.443071E-3	2.818169E-1	4.379315E-2
3.246250E+1	2.776449E-3	1.309913E-1	1.308371E-1
3.262500E+1	2.492300E-3	2.060179E-1	-1.574748E-1
3.278750E+1	2.537961E-3	3.188774E-1	1.283667E-1
3.295000E+1	2.272378E-3	3.145670E-2	3.145589E-2
3.311250E+1	2.487093E-3	2.603865E-1	-4.775079E-2
3.327500E+1	2.211178E-3	2.193771E-1	1.820086E-1
3.343750E+1	2.260732E-3	1.227134E-1	-8.003260E-2
3.360000E+1	2.227946E-3	2.843170E-1	7.511844E-2
3.376250E+1	1.993692E-3	8.849624E-2	8.701250E-2
3.392500E+1	2.272121E-3	1.941913E-1	-9.901392E-2
3.408750E+1	2.190800E-3	1.894781E-1	1.084495E-1
3.425000E+1	2.176931E-3	6.043899E-2	-2.604647E-2
3.441250E+1	2.115764E-3	1.908165E-1	6.443258E-2
3.457500E+1	2.281984E-3	5.539972E-2	1.162381E-2
3.473750E+1	2.017461E-3	2.234980E-1	-9.433835E-3
3.490000E+1	2.130431E-3	1.402700E-1	1.139116E-1
3.506250E+1	1.889139E-3	1.739523E-1	-9.322926E-2
3.522500E+1	2.211401E-3	2.132989E-1	1.060997E-1
3.538750E+1	1.818168E-3	4.103272E-2	-1.709691E-3
3.555000E+1	1.961205E-3	1.880130E-1	2.967765E-2
3.571250E+1	1.966495E-3	7.672300E-2	4.129572E-2
3.587500E+1	1.768826E-3	1.698291E-1	2.361168E-2
3.603750E+1	2.229499E-3	6.050443E-2	4.976524E-2
3.620000E+1	1.808586E-3	1.865279E-1	-5.607477E-2
3.636250E+1	1.798910E-3	1.580313E-1	1.336363E-1
3.652500E+1	1.804508E-3	1.613709E-1	-1.109075E-1
3.668750E+1	2.015737E-3	1.941922E-1	1.214437E-1
3.685000E+1	1.783841E-3	6.131786E-2	-4.608468E-2
3.701250E+1	1.718772E-3	1.890513E-1	5.983562E-2
3.717500E+1	1.799147E-3	2.496708E-2	-3.457071E-3
3.733750E+1	1.837189E-3	2.006991E-1	-2.151961E-3
3.750000E+1	1.667058E-3	5.862555E-2	4.399112E-2
3.766250E+1	1.567192E-3	1.164177E-1	-2.600106E-2
3.782500E+1	1.637517E-3	1.125708E-1	3.362541E-2
3.798750E+1	1.730395E-3	9.451270E-2	1.488978E-2
3.815000E+1	1.672283E-3	1.143932E-1	1.695305E-2
3.831250E+1	1.657807E-3	1.240963E-1	4.175320E-2
3.847500E+1	1.684109E-3	7.427213E-2	2.257924E-2
3.863750E+1	1.604637E-3	1.523878E-1	-6.275854E-3
3.880000E+1	1.632546E-3	1.195363E-1	8.084764E-2
3.896250E+1	1.702014E-3	8.957785E-2	-5.126071E-2
3.912500E+1	1.571862E-3	1.554878E-1	9.020236E-2
3.928750E+1	1.579507E-3	3.564250E-2	-4.758641E-3
3.945000E+1	1.223093E-3	1.534147E-1	2.753110E-2
3.961250E+1	1.528491E-3	5.252073E-2	2.602024E-2
3.977500E+1	1.577459E-3	1.210782E-1	3.944669E-2
3.993750E+1	1.424484E-3	5.100229E-2	-1.156525E-2
4.010000E+1	1.553960E-3	1.425866E-1	5.822478E-2
4.026250E+1	1.497919E-3	6.210237E-2	-4.759598E-2
4.042500E+1	1.494164E-3	1.672463E-1	7.182933E-2
4.058750E+1	1.662531E-3	6.629235E-2	-5.577854E-2
4.075000E+1	1.507028E-3	1.429034E-1	7.830988E-2
4.091250E+1	1.496580E-3	6.829958E-2	-3.706427E-2
4.107500E+1	1.247068E-3	1.565451E-1	1.037874E-1
4.123750E+1	1.498156E-3	6.621008E-2	-5.097765E-2
4.140000E+1	1.562516E-3	1.647536E-1	9.266606E-2
4.156250E+1	1.642328E-3	6.432587E-2	-3.890046E-2
4.172500E+1	1.478377E-3	1.387136E-1	7.140648E-2
4.188750E+1	1.369864E-3	5.764193E-2	6.636523E-3
4.205000E+1	1.262577E-3	9.304190E-2	1.091098E-2
4.221250E+1	1.382471E-3	9.251041E-2	3.854297E-2
4.237500E+1	1.392207E-3	5.304798E-2	1.159912E-2
4.253750E+1	1.468038E-3	1.176533E-1	4.621021E-2
4.270000E+1	1.449139E-3	4.359690E-2	-7.787776E-3
4.286250E+1	1.512661E-3	1.211816E-1	3.875816E-2
4.302500E+1	1.378770E-3	2.042563E-2	7.551441E-3
4.318750E+1	1.192089E-3	1.172454E-1	3.457411E-2
4.335000E+1	1.531517E-3	3.468499E-2	2.446534E-3
4.351250E+1	1.249201E-3	9.653956E-2	2.737954E-2
4.367500E+1	1.316965E-3	5.266343E-2	-7.496458E-3
4.383750E+1	1.300736E-3	8.104184E-2	5.029145E-2
4.400000E+1	1.371429E-3	1.079383E-1	-5.460476E-3
4.416250E+1	1.260132E-3	5.164110E-2	4.064578E-2
4.432500E+1	1.435043E-3	1.188236E-1	1.424468E-2
4.448750E+1	1.299943E-3	2.330469E-2	-2.461531E-3
4.465000E+1	1.336429E-3	1.208837E-1	6.319293E-2
4.481250E+1	1.123521E-3	7.888623E-2	-3.972624E-2
4.497500E+1	1.309901E-3	8.569350E-2	7.652220E-2
4.513750E+1	1.142698E-3	1.111306E-1	-2.235178E-2
4.530000E+1	1.155750E-3	4.800202E-2	4.728665E-2
4.546250E+1	1.431914E-3	1.190444E-1	-5.146998E-3
4.562500E+1	1.106149E-3	4.089002E-2	2.813258E-2
4.578750E+1	1.239253E-3	7.920273E-2	7.547391E-3
4.595000E+1	1.147801E-3	8.402930E-2	4.747209E-2
4.611250E+1	1.226699E-3	8.624622E-2	-3.811363E-2
4.627500E+1	1.115114E-3	8.433854E-2	6.984125E-2
4.643750E+1	1.077264E-3	1.130295E-1	-2.128383E-2
4.660000E+1	1.245487E-3	2.842521E-2	2.816591E-2
4.676250E+1	1.270561E-3	1.220496E-1	2.780041E-2
4.692500E+1	1.139359E-3	2.792163E-2	-1.917422E-2
4.708750E+1	1.245419E-3	7.863650E-2	5.392255E-2
4.725000E+1	1.254745E-3	8.493353E-2	1.713474E-3
4.741250E+1	1.164884E-3	3.157939E-2	1.712718E-2
4.757500E+1	1.143129E-3	1.085978E-1	4.519896E-2
4.773750E+1	1.249727E-3	5.597999E-2	-2.309727E-2
4.790000E+1	1.224892E-3	7.265798E-2	5.532371E-2
4.806250E+1	1.116616E-3	8.519835E-2	-1.408857E-2
4.822500E+1	1.196329E-3	2.681395E-2	2.368169E-2
4.838750E+1	1.244498E-3	1.172180E-1	6.392843E-2
4.855000E+1	1.046697E-3	5.943570E-2	-2.907350E-2
4.871250E+1	1.161971E-3	6.306765E-2	5.585920E-2
4.887500E+1	1.236604E-3	9.705890E-2	1.194442E-3
4.903750E+1	1.048679E-3	9.506456E-3	-8.573250E-3
4.920000E+1	1.220621E-3	9.084253E-2	5.698207E-2
4.936250E+1	1.372174E-3	7.117278E-2	-9.002542E-3
4.952500E+1	1.294618E-3	4.073323E-2	1.588110E-2
4.968750E+1	1.212090E-3	3.607536E-2	2.510379E-2
4.985000E+1	1.107358E-3	9.296675E-2	3.997815E-2
5.001250E+1	1.325375E-3	5.576209E-2	-3.686178E-2
5.017500E+1	1.161660E-3	1.049719E-1	1.031047E-1
5.033750E+1	1.180024E-3	1.291161E-1	-7.137351E-3
5.050000E+1	1.221348E-3	2.795392E-2	-2.368723E-2
5.066250E+1	1.139793E-3	1.316483E-1	1.025356E-1
5.082500E+1	1.225849E-3	1.097834E-1	-4.511824E-2
5.098750E+1	1.192139E-3	3.960026E-2	5.621094E-3
5.115000E+1	1.227420E-3	1.352649E-1	1.128218E-1
5.131250E+1	1.105384E-3	1.092701E-1	-4.602153E-2
5.147500E+1	1.087275E-3	3.142393E-2	2.887052E-3
5.163750E+1	1.196414E-3	1.288274E-1	1.050068E-1
5.180000E+1	1.136648E-3	1.154183E-1	-3.143691E-2
5.196250E+1	1.043406E-3	2.848196E-2	-1.923336E-2
5.212500E+1	1.113766E-3	8.657010E-2	8.379462E-2
5.228750E+1	1.034202E-3	1.281837E-1	1.118389E-2
5.245000E+1	1.104919E-3	5.048919E-2	-5.048919E-2
5.261250E+1	1.184635E-3	8.686700E-2	8.588315E-2
5.277500E+1	1.172448E-3	1.417929E-1	5.296290E-2
5.293750E+1	9.711976E-4	8.002208E-2	-6.823081E-2
5.310000E+1	1.166333E-3	4.231958E-2	3.953579E-2
5.326250E+1	1.131082E-3	8.410184E-2	5.766549E-2
5.342500E+1	1.087132E-3	9.895260E-2	3.569465E-3
5.358750E+1	1.101217E-3	5.866636E-2	-5.495574E-2
5.375000E+1	1.119712E-3	6.129377E-2	4.894478E-2
5.391250E+1	1.107503E-3	1.351289E-1	9.810475E-2
5.407500E+1	1.095520E-3	1.137584E-1	-5.127948E-2
5.423750E+1	1.212640E-3	4.489734E-2	-1.863045E-2
5.440000E+1	1.179125E-3	9.482257E-2	9.195859E-2
5.456250E+1	1.102573E-3	1.082923E-1	2.110149E-2
5.472500E+1	1.066373E-3	6.440517E-2	-3.883108E-2
5.488750E+1	1.118379E-3	1.900151E-2	1.610271E-3
5.505000E+1	1.063803E-3	7.514701E-2	6.959055E-2
5.521250E+1	1.041870E-3	8.778989E-2	2.543119E-2
5.537500E+1	1.110371E-3	5.588601E-2	-2.327162E-2
5.553750E+1	1.099180E-3	6.384606E-3	6.367678E-3
5.570000E+1	1.148277E-3	5.311382E-2	4.925850E-2
5.586250E+1	1.080958E-3	7.828528E-2	2.897167E-2
5.602500E+1	1.120135E-3	4.774621E-2	-2.009695E-2
5.618750E+1	1.020358E-3	2.337120E-2	2.301987E-2
5.635000E+1	1.061184E-3	7.426006E-2	4.748975E-2
5.651250E+1	1.172066E-3	5.696301E-2	-1.492248E-2
5.667500E+1	1.034999E-3	2.462180E-2	2.311235E-2
5.683750E+1	1.018680E-3	6.850136E-2	4.841092E-2
5.700000E+1	1.191706E-3	6.884482E-2	-9.410294E-3
5.716250E+1	1.163578E-3	1.557310E-2	-1.278003E-2
5.732500E+1	9.884214E-4	4.405182E-2	3.950610E-2
5.748750E+1	1.142070E-3	6.697321E-2	3.616555E-2
5.765000E+1	1.202597E-3	5.837781E-2	2.978746E-4
5.781250E+1	1.109675E-3	3.875186E-2	-1.780868E-2
5.797500E+1	1.135436E-3	2.099468E-2	2.082267E-2
5.813750E+1	1.246052E-3	7.361908E-2	5.363357E-2
5.830000E+1	1.143436E-3	7.158677E-2	-1.344384E-3
5.846250E+1	1.109681E-3	3.064104E-2	-2.111708E-2
5.862500E+1	1.222860E-3	2.524594E-2	2.468476E-2
5.878750E+1	1.190083E-3	6.900189E-2	5.153894E-2
5.895000E+1	1.147494E-3	7.799857E-2	-9.108941E-3
5.911250E+1	1.209419E-3	4.475394E-2	-4.287371E-2
5.927500E+1	1.248080E-3	3.117790E-2	2.320638E-2
5.943750E+1	1.204504E-3	7.734652E-2	7.422114E-2
5.960000E+1	1.210767E-3	9.573645E-2	3.853142E-2
5.976250E+1	1.268805E-3	8.451945E-2	-4.730131E-2
5.992500E+1	1.283757E-3	3.540095E-2	-2.862055E-2
6.008750E+1	1.153711E-3	4.361900E-2	3.919595E-2
6.025000E+1	1.265912E-3	6.548893E-2	5.179669E-2
6.041250E+1	1.254470E-3	6.889816E-2	3.511057E-2
6.057500E+1	1.227672E-3	6.316581E-2	7.088338E-3
6.073750E+1	1.274467E-3	4.612605E-2	-2.160807E-2
6.090000E+1	1.321863E-3	1.805146E-2	-1.651140E-2
6.106250E+1	1.280036E-3	2.496142E-2	2.496138E-2
6.122500E+1	1.271275E-3	5.121116E-2	3.173190E-2
6.138750E+1	1.279971E-3	3.435704E-2	5.527982E-3
6.155000E+1	1.384854E-3	3.472919E-2	2.702071E-2
6.171250E+1	1.245013E-3	5.454933E-2	3.906160E-2
6.187500E+1	1.362520E-3	7.390755E-2	1.162751E-2
6.203750E+1	1.356411E-3	6.906132E-2	-3.549050E-2
6.220000E+1	1.371711E-3	5.052397E-2	-5.049474E-2
6.236250E+1	1.362036E-3	4.316951E-2	-6.445736E-4
6.252500E+1	1.393664E-3	7.206905E-2	6.836512E-2
6.268750E+1	1.401242E-3	1.136302E-1	1.055576E-1
6.285000E+1	1.330226E-3	1.329244E-1	6.191195E-2
6.301250E+1	1.396754E-3	1.266286E-1	-2.220740E-2
6.317500E+1	1.355600E-3	1.161861E-1	-9.608306E-2
6.333750E+1	1.444389E-3	9.825437E-2	-9.186463E-2
6.350000E+1	1.522151E-3	9.652964E-2	-4.661309E-3
6.366250E+1	1.447926E-3	1.322831E-1	1.092305E-1
6.382500E+1	1.414253E-3	1.581035E-1	1.538958E-1
6.398750E+1	1.508291E-3	1.738564E-1	9.753087E-2
6.415000E+1	1.446298E-3	1.522167E-1	-2.347662E-2
6.431250E+1	1.475648E-3	1.142832E-1	-9.146743E-2
6.447500E+1	1.480966E-3	7.999165E-2	-7.791325E-2
6.463750E+1	1.569693E-3	6.280115E-2	-1.644085E-2
6.480000E+1	1.501009E-3	6.423173E-2	4.838616E-2
6.496250E+1	1.608266E-3	7.399336E-2	7.398923E-2
6.512500E+1	1.590014E-3	8.246334E-2	6.264901E-2
6.528750E+1	1.624342E-3	8.369540E-2	2.615681E-2
6.545000E+1	1.602647E-3	7.006141E-2	-2.185509E-2
6.561250E+1	1.692008E-3	4.661544E-2	-4.302146E-2
6.577500E+1	1.648566E-3	3.577443E-2	1.658158E-3
6.593750E+1	1.579699E-3	7.319466E-2	7.120570E-2
6.610000E+1	1.652622E-3	9.684099E-2	8.521912E-2
6.626250E+1	1.744392E-3	1.042628E-1	4.593846E-2
6.642500E+1	1.736112E-3	8.904298E-2	-1.043987E-2
6.658750E+1	1.734664E-3	7.633896E-2	-4.929240E-2
6.675000E+1	1.790149E-3	6.353592E-2	-6.054395E-2
6.691250E+1	1.794030E-3	5.324921E-2	-4.803900E-2
6.707500E+1	1.855288E-3	4.966181E-2	-1.869309E-2
6.723750E+1	1.858598E-3	5.611922E-2	2.471926E-2
6.740000E+1	1.890049E-3	6.727774E-2	6.073188E-2
6.756250E+1	1.935624E-3	8.175798E-2	8.143530E-2
6.772500E+1	1.937480E-3	8.412728E-2	7.258209E-2
6.788750E+1	1.973402E-3	7.514612E-2	4.905798E-2
6.805000E+1	1.994236E-3	6.405877E-2	2.587473E-2
6.821250E+1	2.010004E-3	5.123979E-2	1.427328E-2
6.837500E+1	2.016052E-3	3.923657E-2	4.662266E-3
6.853750E+1	2.060595E-3	3.630337E-2	5.592554E-3
6.870000E+1	2.153768E-3	3.079577E-2	1.214464E-2
6.886250E+1	2.116669E-3	3.839350E-2	3.129074E-2
6.902500E+1	2.182728E-3	5.982717E-2	4.800186E-2
6.918750E+1	2.241769E-3	8.077540E-2	5.785417E-2
6.935000E+1	2.306399E-3	9.604314E-2	4.208317E-2
6.951250E+1	2.262618E-3	1.094267E-1	5.492898E-3
6.967500E+1	2.379200E-3	1.225192E-1	-5.172241E-2
6.983750E+1	2.423490E-3	1.313847E-1	-8.651647E-2
7.000000E+1	2.437597E-3	1.211665E-1	-1.040903E-1
