Freq (Hz)	PSD/Measured Spectrum: Power CH2 (Vrms/rtHz)	Freq Response Module (Vrms)	Freq Response Im part (Unitless Power)
5.000000E+0	1.155905E-2	3.545402E-1	5.378041E-2
5.162500E+0	1.111894E-2	8.065786E-1	-6.882552E-1
5.325000E+0	9.729322E-3	9.493582E-1	-5.961670E-1
5.487500E+0	1.215213E-2	8.854262E-1	-5.788877E-1
5.650000E+0	1.287914E-2	1.026845E+0	-8.143409E-1
5.812500E+0	1.038715E-2	1.442412E+0	-1.127490E+0
5.975000E+0	1.142233E-2	9.700229E-1	-7.383286E-1
6.137500E+0	1.196519E-2	1.373218E+0	-9.613004E-1
6.300000E+0	1.168763E-2	1.442879E+0	-9.579585E-1
6.462500E+0	1.228528E-2	1.407644E+0	-4.778062E-1
6.625000E+0	1.097606E-2	1.308086E+0	-8.354011E-1
6.787500E+0	1.234919E-2	1.460911E+0	-9.290625E-1
6.950000E+0	1.176047E-2	1.313601E+0	-7.029458E-1
7.112500E+0	1.220347E-2	1.395907E+0	-7.806865E-1
7.275000E+0	1.053540E-2	1.573109E+0	-8.065091E-1
7.437500E+0	1.057912E-2	1.512058E+0	-8.788027E-1
7.600000E+0	1.099967E-2	1.337612E+0	-8.860544E-1
7.762500E+0	1.262439E-2	1.513148E+0	-9.710211E-1
7.925000E+0	1.104466E-2	1.689242E+0	-9.139870E-1
8.087500E+0	1.138363E-2	1.442283E+0	-7.252899E-1
8.250000E+0	1.269238E-2	1.264223E+0	-8.217878E-1
8.412500E+0	1.290964E-2	1.567642E+0	-1.287799E+0
8.575000E+0	1.258988E-2	1.867687E+0	-1.354842E+0
8.737500E+0	1.393413E-2	1.780898E+0	-1.143320E+0
8.900000E+0	1.367095E-2	1.650142E+0	-1.147531E+0
9.062500E+0	1.369865E-2	1.788358E+0	-1.452126E+0
9.225000E+0	1.288569E-2	1.897951E+0	-1.369144E+0
9.387500E+0	9.940543E-3	1.764857E+0	-1.452589E+0
9.550000E+0	1.319822E-2	1.866832E+0	-1.590551E+0
9.712500E+0	1.146718E-2	2.109377E+0	-1.937979E+0
9.875000E+0	1.461621E-2	1.691035E+0	-1.429613E+0
1.003750E+1	1.487312E-2	1.379752E+0	-1.169261E+0
1.020000E+1	1.344063E-2	1.424702E+0	-1.330869E+0
1.036250E+1	1.068189E-2	1.917693E+0	-1.753705E+0
1.052500E+1	1.375623E-2	1.710111E+0	-1.335684E+0
1.068750E+1	1.334438E-2	1.578832E+0	-1.478677E+0
1.085000E+1	1.239553E-2	1.844939E+0	-1.809848E+0
1.101250E+1	1.445398E-2	1.837370E+0	-1.837294E+0
1.117500E+1	1.447755E-2	2.263811E+0	-2.243731E+0
1.133750E+1	1.432963E-2	1.814411E+0	-1.780360E+0
1.150000E+1	1.309760E-2	2.021669E+0	-2.010695E+0
1.166250E+1	1.339300E-2	1.943725E+0	-1.934889E+0
1.182500E+1	1.328482E-2	1.522992E+0	-1.519006E+0
1.198750E+1	1.406654E-2	1.345064E+0	-1.337429E+0
1.215000E+1	1.342885E-2	1.178122E+0	-1.166824E+0
1.231250E+1	1.511868E-2	1.291560E+0	-1.240340E+0
1.247500E+1	1.460969E-2	9.187837E-1	-8.814728E-1
1.263750E+1	1.524525E-2	1.385769E+0	-1.283979E+0
1.280000E+1	1.335184E-2	1.205810E+0	-1.186130E+0
1.296250E+1	1.351251E-2	1.645887E+0	-1.595709E+0
1.312500E+1	1.318364E-2	1.294211E+0	-1.167344E+0
1.328750E+1	1.332057E-2	1.793030E+0	-1.621677E+0
1.345000E+1	1.248218E-2	1.687163E+0	-1.595298E+0
1.361250E+1	1.261136E-2	1.586104E+0	-1.429678E+0
1.377500E+1	1.380894E-2	1.723232E+0	-1.546761E+0
1.393750E+1	1.168644E-2	1.621091E+0	-1.426611E+0
1.410000E+1	1.312905E-2	1.559808E+0	-1.440209E+0
1.426250E+1	1.302193E-2	1.718578E+0	-1.529387E+0
1.442500E+1	1.163849E-2	1.156834E+0	-1.020621E+0
1.458750E+1	1.149898E-2	1.209408E+0	-9.449181E-1
1.475000E+1	1.288891E-2	1.326523E+0	-9.868492E-1
1.491250E+1	1.089528E-2	1.278911E+0	-9.580954E-1
1.507500E+1	1.350505E-2	1.364890E+0	-1.178879E+0
1.523750E+1	1.456503E-2	1.262850E+0	-8.125445E-1
1.540000E+1	1.209361E-2	1.060566E+0	-5.806900E-1
1.556250E+1	1.680172E-2	1.776740E+0	-9.942789E-1
1.572500E+1	1.681452E-2	1.437967E+0	-8.649413E-1
1.588750E+1	1.636183E-2	9.660161E-1	-3.017685E-1
1.605000E+1	1.743278E-2	9.867752E-1	-3.906259E-1
1.621250E+1	1.316585E-2	1.016508E+0	-3.792320E-1
1.637500E+1	1.321787E-2	7.912830E-1	-3.533376E-1
1.653750E+1	1.208574E-2	8.062607E-1	-3.486864E-1
1.670000E+1	1.107041E-2	7.305877E-1	-5.089010E-1
1.686250E+1	1.172391E-2	8.618346E-1	-3.983831E-1
1.702500E+1	9.729856E-3	9.283463E-1	-5.720539E-1
1.718750E+1	1.193389E-2	9.059940E-1	-5.946725E-1
1.735000E+1	1.115074E-2	7.365680E-1	-4.281561E-1
1.751250E+1	8.322137E-3	5.905993E-1	-3.598441E-1
1.767500E+1	9.250336E-3	7.905028E-1	-4.962763E-1
1.783750E+1	9.154500E-3	6.107298E-1	-3.782469E-1
1.800000E+1	7.185704E-3	7.414666E-1	-3.322530E-1
1.816250E+1	7.508762E-3	5.199142E-1	-3.568653E-1
1.832500E+1	7.462401E-3	6.346956E-1	-2.797389E-1
1.848750E+1	8.737350E-3	5.654789E-1	-3.433213E-1
1.865000E+1	7.163600E-3	5.860179E-1	-2.805458E-1
1.881250E+1	6.387222E-3	5.928597E-1	-3.498268E-1
1.897500E+1	7.684955E-3	4.755712E-1	-2.034900E-1
1.913750E+1	5.760989E-3	6.984904E-1	-1.310610E-1
1.930000E+1	6.511106E-3	7.953836E-1	-1.878147E-1
1.946250E+1	6.492550E-3	3.666714E-1	-1.602959E-1
1.962500E+1	6.485282E-3	3.388388E-1	-1.133951E-1
1.978750E+1	6.967079E-3	6.019405E-1	-4.261793E-1
1.995000E+1	6.728727E-3	6.758403E-1	-3.409179E-1
2.011250E+1	7.218700E-3	6.613508E-1	-2.403538E-1
2.027500E+1	6.389399E-3	5.455338E-1	-8.841214E-2
2.043750E+1	6.467461E-3	3.859397E-1	-1.838032E-1
2.060000E+1	6.985825E-3	3.304595E-1	-2.915477E-1
2.076250E+1	6.390294E-3	4.978882E-1	-3.997792E-1
2.092500E+1	6.825941E-3	6.118681E-1	-1.900705E-1
2.108750E+1	4.770003E-3	4.174886E-1	-8.790114E-2
2.125000E+1	5.049135E-3	3.395025E-1	-1.909123E-1
2.141250E+1	4.566044E-3	3.989440E-1	-2.034505E-1
2.157500E+1	5.858066E-3	3.919652E-1	-1.714147E-1
2.173750E+1	5.064562E-3	4.431572E-1	-1.196616E-1
2.190000E+1	4.925611E-3	3.716822E-1	-8.940852E-2
2.206250E+1	4.831767E-3	3.456187E-1	-1.580444E-2
2.222500E+1	4.554471E-3	3.280045E-1	-1.558850E-1
2.238750E+1	4.614006E-3	4.640408E-1	-3.089994E-1
2.255000E+1	4.935176E-3	5.231991E-1	-2.187461E-1
2.271250E+1	5.193869E-3	4.601329E-1	-4.149620E-2
2.287500E+1	4.400358E-3	3.613227E-1	6.250531E-3
2.303750E+1	4.005283E-3	2.522196E-1	-4.520205E-2
2.320000E+1	3.561920E-3	2.714344E-1	-1.113541E-1
2.336250E+1	3.874736E-3	3.651888E-1	-7.108264E-2
2.352500E+1	3.702569E-3	3.400575E-1	-9.957907E-2
2.368750E+1	4.539470E-3	3.158206E-1	-3.006479E-2
2.385000E+1	4.206572E-3	3.046010E-1	-1.091671E-1
2.401250E+1	4.081868E-3	3.062236E-1	-7.492852E-2
2.417500E+1	3.985993E-3	3.163378E-1	-1.794730E-2
2.433750E+1	4.479515E-3	3.113031E-1	-6.667442E-2
2.450000E+1	3.695842E-3	3.162774E-1	-8.008616E-2
2.466250E+1	4.029336E-3	3.691336E-1	-8.372279E-2
2.482500E+1	2.865164E-3	3.392471E-1	-6.694523E-2
2.498750E+1	3.551568E-3	3.086993E-1	-2.508404E-3
2.515000E+1	3.508811E-3	2.790530E-1	-6.604560E-2
2.531250E+1	3.956987E-3	3.952898E-1	-1.269266E-1
2.547500E+1	3.065723E-3	3.218087E-1	-1.264908E-1
2.563750E+1	2.907525E-3	3.076300E-1	-3.426881E-2
2.580000E+1	2.785668E-3	3.396122E-1	-9.551220E-2
2.596250E+1	3.136555E-3	3.039546E-1	-5.295714E-2
2.612500E+1	3.346831E-3	2.000224E-1	1.947703E-2
2.628750E+1	2.479095E-3	1.790340E-1	-7.493500E-2
2.645000E+1	2.869870E-3	3.242936E-1	-7.939740E-2
2.661250E+1	3.028777E-3	2.691374E-1	2.485291E-2
2.677500E+1	2.449784E-3	1.846828E-1	3.100806E-2
2.693750E+1	3.020341E-3	2.569804E-1	-1.050787E-1
2.710000E+1	2.773403E-3	2.466308E-1	-3.893842E-2
2.726250E+1	3.074897E-3	3.110719E-1	-4.147314E-2
2.742500E+1	3.078940E-3	2.369012E-1	-4.143037E-2
2.758750E+1	2.198352E-3	2.406193E-1	6.498903E-3
2.775000E+1	2.295984E-3	2.357171E-1	-5.167742E-2
2.791250E+1	2.538575E-3	2.040108E-1	-2.946103E-2
2.807500E+1	2.319547E-3	2.677386E-1	-2.355200E-2
2.823750E+1	2.717974E-3	2.642196E-1	-4.073571E-2
2.840000E+1	2.444915E-3	2.476649E-1	-9.682174E-3
2.856250E+1	2.120703E-3	1.671100E-1	-2.250936E-2
2.872500E+1	1.970905E-3	8.540041E-2	-9.217958E-3
2.888750E+1	2.174108E-3	2.490492E-1	-7.622775E-2
2.905000E+1	2.108859E-3	2.253776E-1	-2.403579E-2
2.921250E+1	1.795806E-3	2.407947E-1	6.389252E-4
2.937500E+1	1.477372E-3	1.420836E-1	3.115721E-2
2.953750E+1	2.408594E-3	1.624686E-1	-9.302573E-2
2.970000E+1	1.953896E-3	2.619433E-1	-5.879642E-2
2.986250E+1	2.029713E-3	2.119936E-1	5.984145E-2
3.002500E+1	1.876867E-3	1.038063E-1	-3.680505E-2
3.018750E+1	1.610230E-3	2.590345E-1	-8.728082E-2
3.035000E+1	1.764668E-3	2.510134E-1	4.540329E-2
3.051250E+1	1.847849E-3	1.291790E-1	-9.725302E-3
3.067500E+1	1.904164E-3	2.237678E-1	-5.200502E-2
3.083750E+1	1.699642E-3	1.908595E-1	1.093004E-2
3.100000E+1	2.016943E-3	1.790932E-1	-4.244895E-2
3.116250E+1	1.579845E-3	2.362560E-1	-1.734180E-2
3.132500E+1	1.536117E-3	1.714087E-1	3.496285E-2
3.148750E+1	1.528905E-3	1.597231E-1	-6.777867E-2
3.165000E+1	1.852192E-3	2.073216E-1	-3.015588E-2
3.181250E+1	1.399638E-3	1.775215E-1	1.368213E-2
3.197500E+1	1.559670E-3	1.424812E-1	1.689799E-2
3.213750E+1	1.884994E-3	1.599485E-1	-4.656534E-2
3.230000E+1	1.562645E-3	2.236687E-1	9.090673E-3
3.246250E+1	1.597245E-3	1.613326E-1	5.772919E-2
3.262500E+1	1.525606E-3	1.452051E-1	-3.044204E-2
3.278750E+1	1.849311E-3	1.929255E-1	-1.515615E-2
3.295000E+1	1.483285E-3	1.309905E-1	1.980194E-3
3.311250E+1	1.446996E-3	1.231012E-1	-4.990021E-3
3.327500E+1	1.333468E-3	1.464723E-1	-5.130486E-2
3.343750E+1	1.695219E-3	1.767782E-1	8.688222E-3
3.360000E+1	1.620604E-3	1.448273E-1	4.127902E-2
3.376250E+1	1.379132E-3	1.522739E-1	-4.038940E-2
3.392500E+1	1.906883E-3	1.565692E-1	2.040714E-2
3.408750E+1	1.454543E-3	1.316378E-1	1.744130E-2
3.425000E+1	1.546824E-3	1.662187E-1	-2.585236E-2
3.441250E+1	1.432152E-3	1.313097E-1	2.886899E-2
3.457500E+1	1.464819E-3	1.069748E-1	7.721615E-3
3.473750E+1	1.416204E-3	1.719083E-1	2.247212E-2
3.490000E+1	1.415581E-3	1.078955E-1	-6.082761E-3
3.506250E+1	1.293016E-3	2.047279E-1	-4.957616E-2
3.522500E+1	1.188432E-3	1.589563E-1	6.048588E-2
3.538750E+1	1.428478E-3	8.285391E-2	-2.879757E-2
3.555000E+1	1.142178E-3	1.780937E-1	-2.154041E-2
3.571250E+1	1.152535E-3	1.287021E-1	4.274830E-2
3.587500E+1	1.116496E-3	1.138326E-1	-1.966402E-2
3.603750E+1	1.283261E-3	1.468671E-1	2.325319E-2
3.620000E+1	1.469480E-3	9.287845E-2	1.190004E-2
3.636250E+1	1.296176E-3	1.521393E-1	-7.829746E-4
3.652500E+1	1.035701E-3	1.557605E-1	2.839626E-2
3.668750E+1	1.207539E-3	1.137127E-1	1.122637E-2
3.685000E+1	1.038336E-3	9.427132E-2	5.289214E-4
3.701250E+1	1.106683E-3	1.457156E-1	1.165417E-2
3.717500E+1	1.132931E-3	1.112594E-1	2.598971E-2
3.733750E+1	1.132322E-3	1.417206E-1	-2.185676E-2
3.750000E+1	9.681258E-4	1.070251E-1	2.213061E-2
3.766250E+1	1.250825E-3	1.160823E-1	-1.452807E-2
3.782500E+1	1.149975E-3	1.166228E-1	2.780324E-2
3.798750E+1	1.103614E-3	1.072175E-1	-2.855437E-2
3.815000E+1	9.382369E-4	1.157956E-1	3.817566E-2
3.831250E+1	1.107984E-3	9.686299E-2	-1.887769E-2
3.847500E+1	9.789001E-4	1.611201E-1	4.590166E-2
3.863750E+1	1.059442E-3	3.115611E-2	9.334895E-4
3.880000E+1	1.041682E-3	1.736898E-1	-1.854479E-2
3.896250E+1	1.126096E-3	1.006463E-1	7.103708E-2
3.912500E+1	1.116688E-3	1.332389E-1	-7.594903E-2
3.928750E+1	9.947160E-4	1.502300E-1	6.425942E-2
3.945000E+1	9.752990E-4	6.052233E-2	-2.836226E-2
3.961250E+1	1.136011E-3	1.413026E-1	3.352702E-2
3.977500E+1	9.544808E-4	8.547983E-2	2.901582E-2
3.993750E+1	8.608142E-4	1.106013E-1	-1.497119E-3
4.010000E+1	1.086325E-3	8.284168E-2	2.336985E-2
4.026250E+1	9.426639E-4	8.212781E-2	-8.622468E-4
4.042500E+1	8.785257E-4	1.201107E-1	-1.459834E-2
4.058750E+1	1.067944E-3	9.866945E-2	3.658912E-2
4.075000E+1	8.788659E-4	9.039029E-2	-1.843872E-2
4.091250E+1	1.028247E-3	1.087005E-1	3.570227E-2
4.107500E+1	8.661126E-4	5.724354E-2	-1.634202E-2
4.123750E+1	1.077909E-3	1.064261E-1	2.852209E-2
4.140000E+1	8.796825E-4	9.117822E-2	5.303490E-3
4.156250E+1	8.576538E-4	8.131661E-2	3.558599E-3
4.172500E+1	9.963086E-4	9.720436E-2	1.164287E-2
4.188750E+1	1.003290E-3	8.183653E-2	3.180403E-2
4.205000E+1	1.027522E-3	9.384749E-2	-2.862635E-2
4.221250E+1	8.802874E-4	1.113101E-1	4.833580E-2
4.237500E+1	9.692000E-4	8.249518E-2	-8.483632E-3
4.253750E+1	8.392693E-4	1.056159E-1	5.714182E-2
4.270000E+1	1.066121E-3	7.436164E-2	-2.495163E-2
4.286250E+1	8.747936E-4	1.206531E-1	6.211122E-2
4.302500E+1	9.868803E-4	6.605063E-2	-9.751279E-3
4.318750E+1	9.000492E-4	1.079190E-1	2.355741E-2
4.335000E+1	9.300638E-4	9.493773E-2	3.478785E-3
4.351250E+1	8.564782E-4	7.155015E-2	1.604023E-2
4.367500E+1	9.318442E-4	1.097384E-1	1.260817E-3
4.383750E+1	8.742425E-4	5.210287E-2	2.330394E-2
4.400000E+1	8.990745E-4	1.101278E-1	-5.901767E-3
4.416250E+1	8.442018E-4	7.007316E-2	5.637458E-2
4.432500E+1	8.613885E-4	1.028085E-1	-9.981318E-3
4.448750E+1	8.641516E-4	6.525693E-2	4.970611E-2
4.465000E+1	9.035288E-4	7.990687E-2	-3.643115E-2
4.481250E+1	8.016482E-4	8.772318E-2	4.721409E-2
4.497500E+1	8.887407E-4	8.802568E-2	-4.585965E-2
4.513750E+1	9.029353E-4	8.410836E-2	5.689593E-2
4.530000E+1	8.206847E-4	8.546605E-2	-3.171174E-2
4.546250E+1	9.950526E-4	9.251454E-2	6.952487E-2
4.562500E+1	9.518098E-4	1.046019E-1	-4.195789E-2
4.578750E+1	9.058834E-4	8.091284E-2	6.586882E-2
4.595000E+1	8.717690E-4	8.737704E-2	-4.252332E-2
4.611250E+1	8.988139E-4	6.602048E-2	4.349855E-2
4.627500E+1	9.540666E-4	7.193407E-2	-9.063110E-3
4.643750E+1	7.887984E-4	5.489647E-2	3.102711E-2
4.660000E+1	9.231715E-4	8.173361E-2	-4.763184E-3
4.676250E+1	9.443333E-4	5.440625E-2	1.878578E-2
4.692500E+1	8.554530E-4	6.522414E-2	4.622305E-4
4.708750E+1	8.694860E-4	6.601692E-2	1.499031E-2
4.725000E+1	9.849073E-4	6.590008E-2	1.135198E-2
4.741250E+1	9.062830E-4	6.806330E-2	1.140426E-2
4.757500E+1	9.485528E-4	6.287020E-2	-1.069742E-2
4.773750E+1	1.100352E-3	6.398314E-2	2.411136E-2
4.790000E+1	9.421618E-4	5.972172E-2	-1.622233E-2
4.806250E+1	8.369363E-4	6.779529E-2	3.338740E-2
4.822500E+1	1.007526E-3	6.852188E-2	-2.238028E-2
4.838750E+1	8.594496E-4	4.413105E-2	3.290747E-2
4.855000E+1	9.125590E-4	8.063416E-2	-1.928389E-2
4.871250E+1	9.341912E-4	5.332628E-2	4.193344E-2
4.887500E+1	9.691510E-4	9.645897E-2	4.734212E-3
4.903750E+1	9.481236E-4	3.530225E-2	1.445645E-2
4.920000E+1	1.129263E-3	1.167520E-1	3.507675E-2
4.936250E+1	8.544363E-4	4.739323E-2	-2.786201E-2
4.952500E+1	8.692524E-4	8.646037E-2	7.111847E-2
4.968750E+1	1.110045E-3	7.642887E-2	-2.843164E-2
4.985000E+1	1.049462E-3	3.166714E-2	2.868974E-2
5.001250E+1	9.880656E-4	1.032023E-1	-2.371603E-3
5.017500E+1	9.422724E-4	3.157981E-2	-1.552779E-2
5.033750E+1	1.018220E-3	6.342679E-2	2.911027E-2
5.050000E+1	8.800582E-4	4.934307E-2	-1.608374E-2
5.066250E+1	8.570658E-4	6.335884E-2	3.314848E-2
5.082500E+1	8.772271E-4	6.337920E-2	1.496037E-2
5.098750E+1	8.961297E-4	5.389894E-2	1.072212E-2
5.115000E+1	8.922463E-4	5.872246E-2	1.143467E-2
5.131250E+1	8.739795E-4	4.763837E-2	1.338424E-2
5.147500E+1	9.088794E-4	5.022606E-2	1.178549E-2
5.163750E+1	8.446919E-4	5.490657E-2	1.513484E-2
5.180000E+1	9.676421E-4	4.998371E-2	1.474629E-2
5.196250E+1	9.694243E-4	6.112428E-2	2.112428E-2
5.212500E+1	8.579508E-4	6.138835E-2	8.366021E-3
5.228750E+1	8.376861E-4	3.914716E-2	3.641000E-3
5.245000E+1	8.857201E-4	6.752099E-2	2.066516E-2
5.261250E+1	8.827744E-4	4.125429E-2	-1.649541E-2
5.277500E+1	8.705591E-4	5.128063E-2	3.325928E-2
5.293750E+1	8.604635E-4	6.793253E-2	7.560750E-3
5.310000E+1	9.447196E-4	4.837696E-2	1.433219E-2
5.326250E+1	9.328931E-4	4.489986E-2	1.994092E-2
5.342500E+1	8.952210E-4	6.757308E-2	2.997665E-2
5.358750E+1	8.879022E-4	6.749329E-2	-2.346224E-3
5.375000E+1	9.858481E-4	1.835576E-2	3.020489E-3
5.391250E+1	9.130609E-4	6.506218E-2	4.433739E-2
5.407500E+1	8.946377E-4	8.197824E-2	-2.081209E-2
5.423750E+1	9.394617E-4	1.832644E-2	5.745102E-3
5.440000E+1	1.015302E-3	9.699328E-2	5.948850E-2
5.456250E+1	9.036978E-4	7.387041E-2	-3.716074E-2
5.472500E+1	9.665296E-4	2.437584E-2	2.337533E-2
5.488750E+1	9.006096E-4	9.808723E-2	4.612745E-2
5.505000E+1	1.007526E-3	5.259784E-2	-3.481430E-2
5.521250E+1	9.686490E-4	4.511037E-2	3.702755E-2
5.537500E+1	1.000564E-3	8.325436E-2	1.761741E-2
5.553750E+1	9.989507E-4	2.835389E-2	-1.955897E-2
5.570000E+1	8.993209E-4	5.494386E-2	3.886932E-2
5.586250E+1	9.621279E-4	5.837839E-2	4.200634E-3
5.602500E+1	1.007509E-3	2.565142E-2	9.627865E-6
5.618750E+1	9.356029E-4	4.578895E-2	1.453863E-2
5.635000E+1	9.229882E-4	3.708238E-2	9.892756E-3
5.651250E+1	9.569601E-4	4.756318E-2	2.658072E-2
5.667500E+1	9.766055E-4	4.485292E-2	1.084034E-2
5.683750E+1	1.062592E-3	3.063315E-2	1.399622E-2
5.700000E+1	1.061264E-3	5.926214E-2	2.385753E-2
5.716250E+1	1.014727E-3	3.670200E-2	-8.008102E-3
5.732500E+1	1.008784E-3	3.682669E-2	3.027480E-2
5.748750E+1	9.920459E-4	6.491957E-2	2.001486E-2
5.765000E+1	1.010858E-3	3.960389E-2	-1.647231E-2
5.781250E+1	1.038488E-3	2.416826E-2	1.968491E-2
5.797500E+1	1.050502E-3	6.190984E-2	3.750338E-2
5.813750E+1	1.024731E-3	5.871697E-2	-1.357947E-2
5.830000E+1	1.061100E-3	2.105008E-2	1.851468E-3
5.846250E+1	1.053732E-3	4.479914E-2	2.600514E-2
5.862500E+1	1.103144E-3	4.421367E-2	2.060322E-3
5.878750E+1	1.098772E-3	3.086457E-2	2.422345E-3
5.895000E+1	1.136208E-3	4.054815E-2	6.098280E-3
5.911250E+1	1.070626E-3	2.879870E-2	3.392330E-3
5.927500E+1	1.121915E-3	2.657555E-2	1.715836E-2
5.943750E+1	1.082879E-3	5.123595E-2	1.246838E-2
5.960000E+1	1.166664E-3	2.450087E-2	-8.043134E-3
5.976250E+1	1.080817E-3	2.270072E-2	2.218190E-2
5.992500E+1	1.170223E-3	6.598439E-2	3.908672E-2
6.008750E+1	1.118476E-3	6.189901E-2	-2.918371E-2
6.025000E+1	1.107892E-3	1.388454E-2	-7.116781E-3
6.041250E+1	1.172447E-3	5.082846E-2	4.757458E-2
6.057500E+1	1.170682E-3	6.970322E-2	2.366371E-2
6.073750E+1	1.110075E-3	5.231958E-2	-2.134110E-2
6.090000E+1	1.228702E-3	1.206058E-2	-4.257674E-3
6.106250E+1	1.206486E-3	5.378276E-2	4.444321E-2
6.122500E+1	1.198652E-3	5.336714E-2	1.328099E-2
6.138750E+1	1.198479E-3	2.874608E-2	-5.498827E-3
6.155000E+1	1.186602E-3	2.110221E-2	1.224093E-2
6.171250E+1	1.227158E-3	4.012676E-2	1.447557E-2
6.187500E+1	1.251147E-3	3.689616E-2	2.335971E-3
6.203750E+1	1.258256E-3	1.992752E-2	6.832919E-3
6.220000E+1	1.217102E-3	4.076982E-2	2.233044E-2
6.236250E+1	1.247860E-3	3.620976E-2	-3.625939E-3
6.252500E+1	1.263469E-3	1.075921E-2	3.715270E-3
6.268750E+1	1.280133E-3	3.106414E-2	2.118937E-2
6.285000E+1	1.234060E-3	4.381505E-2	2.007436E-2
6.301250E+1	1.268876E-3	4.276418E-2	-3.583011E-3
6.317500E+1	1.288989E-3	1.503475E-2	1.628209E-3
6.333750E+1	1.309328E-3	3.745313E-2	2.651247E-2
6.350000E+1	1.381601E-3	5.506170E-2	1.831669E-2
6.366250E+1	1.356357E-3	4.467123E-2	-1.248605E-2
6.382500E+1	1.380295E-3	1.423119E-2	-1.140594E-2
6.398750E+1	1.419041E-3	3.232967E-2	2.904777E-2
6.415000E+1	1.403294E-3	5.337529E-2	3.923208E-2
6.431250E+1	1.403454E-3	5.022397E-2	1.244205E-2
6.447500E+1	1.463107E-3	3.736092E-2	-2.180773E-3
6.463750E+1	1.472731E-3	2.734862E-2	2.719329E-3
6.480000E+1	1.394275E-3	2.341431E-2	1.213538E-2
6.496250E+1	1.480020E-3	2.303805E-2	1.061756E-2
6.512500E+1	1.481524E-3	1.412257E-2	7.467408E-3
6.528750E+1	1.471033E-3	3.254209E-2	2.774262E-2
6.545000E+1	1.546343E-3	4.298481E-2	2.536436E-2
6.561250E+1	1.504784E-3	4.085467E-2	-2.914286E-3
6.577500E+1	1.584094E-3	2.574637E-2	-1.594141E-2
6.593750E+1	1.545497E-3	1.232420E-2	-1.729190E-3
6.610000E+1	1.581425E-3	2.330417E-2	1.993891E-2
6.626250E+1	1.587738E-3	4.303541E-2	2.291069E-2
6.642500E+1	1.595471E-3	4.375025E-2	7.372937E-3
6.658750E+1	1.655082E-3	2.924998E-2	-2.295762E-3
6.675000E+1	1.657785E-3	1.733081E-2	3.423103E-3
6.691250E+1	1.723984E-3	2.664421E-2	2.206624E-2
6.707500E+1	1.701613E-3	3.183938E-2	2.167749E-2
6.723750E+1	1.716993E-3	3.274015E-2	1.439280E-2
6.740000E+1	1.789944E-3	3.097532E-2	5.280848E-3
6.756250E+1	1.786531E-3	2.181436E-2	-2.609925E-3
6.772500E+1	1.765888E-3	1.850282E-2	-1.189298E-3
6.788750E+1	1.819868E-3	1.745637E-2	7.096447E-3
6.805000E+1	1.909048E-3	2.327049E-2	1.623896E-2
6.821250E+1	1.908686E-3	3.497288E-2	2.491034E-2
6.837500E+1	1.912776E-3	3.609579E-2	2.448811E-2
6.853750E+1	2.005701E-3	3.485598E-2	1.618969E-2
6.870000E+1	1.987540E-3	2.569204E-2	3.692284E-3
6.886250E+1	2.006604E-3	2.430999E-2	5.534032E-3
6.902500E+1	2.068966E-3	2.698287E-2	1.264981E-2
6.918750E+1	2.079386E-3	2.604110E-2	4.124170E-3
6.935000E+1	2.111483E-3	4.238122E-2	1.056696E-2
6.951250E+1	2.194687E-3	4.112240E-2	3.119529E-3
6.967500E+1	2.239592E-3	2.551338E-2	6.699560E-3
6.983750E+1	2.268509E-3	1.649808E-2	8.474622E-3
7.000000E+1	2.298112E-3	2.338623E-2	2.075135E-2
