Freq (Hz)	PSD/Measured Spectrum: Power CH2 (Vrms/rtHz)	Freq Response Module (Vrms)	Freq Response Im part (Unitless Power)
1.000000E+1	3.293854E-3	1.255188E-1	-1.215170E-1
1.011250E+1	2.751660E-3	1.350684E-1	-4.866347E-2
1.022500E+1	3.039913E-3	1.788174E-1	-1.154841E-1
1.033750E+1	2.722997E-3	1.747956E-1	-7.874762E-2
1.045000E+1	2.724936E-3	1.866392E-1	-1.446728E-1
1.056250E+1	3.078347E-3	1.826142E-1	-1.118759E-1
1.067500E+1	2.853721E-3	1.599471E-1	-1.080604E-1
1.078750E+1	2.751657E-3	1.538700E-1	-1.287392E-1
1.090000E+1	2.785622E-3	1.385591E-1	-1.282671E-1
1.101250E+1	2.614175E-3	1.876524E-1	-1.255074E-1
1.112500E+1	2.401559E-3	1.180278E-1	-9.307896E-2
1.123750E+1	2.896959E-3	1.088118E-1	-8.805214E-2
1.135000E+1	2.685420E-3	9.119072E-2	-5.824486E-2
1.146250E+1	2.227308E-3	1.737872E-1	-1.166227E-1
1.157500E+1	3.044417E-3	1.273049E-1	-1.148180E-1
1.168750E+1	2.701541E-3	1.632635E-1	-9.298594E-2
1.180000E+1	2.710406E-3	1.919125E-1	-1.243903E-1
1.191250E+1	2.830912E-3	1.645748E-1	-9.643157E-2
1.202500E+1	2.718613E-3	1.562501E-1	-1.080477E-1
1.213750E+1	2.455038E-3	1.979362E-1	-1.124474E-1
1.225000E+1	2.208508E-3	1.055167E-1	-4.330059E-2
1.236250E+1	2.950216E-3	1.277069E-1	-9.597848E-2
1.247500E+1	2.458509E-3	8.001761E-2	-6.590399E-2
1.258750E+1	2.407243E-3	1.594774E-1	-1.130228E-1
1.270000E+1	3.013343E-3	1.420455E-1	-1.103302E-1
1.281250E+1	2.576307E-3	2.105323E-1	-1.677306E-1
1.292500E+1	2.784933E-3	8.450533E-2	-6.284488E-2
1.303750E+1	2.534236E-3	1.546668E-1	-1.023427E-1
1.315000E+1	2.749327E-3	3.677597E-2	-2.930088E-2
1.326250E+1	2.700372E-3	1.728440E-1	-1.303142E-1
1.337500E+1	2.630106E-3	7.129584E-2	-4.611032E-2
1.348750E+1	2.244839E-3	1.118182E-1	-6.799630E-2
1.360000E+1	3.108121E-3	1.134159E-1	-7.835557E-2
1.371250E+1	2.826400E-3	1.060812E-1	-6.867688E-2
1.382500E+1	2.793022E-3	7.687544E-2	-2.491569E-2
1.393750E+1	3.099035E-3	1.876836E-1	-8.600787E-2
1.405000E+1	2.593879E-3	1.276568E-1	-1.195193E-1
1.416250E+1	2.570785E-3	1.013600E-1	-9.141215E-2
1.427500E+1	3.451959E-3	1.344398E-1	-6.770931E-2
1.438750E+1	2.813289E-3	1.685865E-1	-1.293843E-1
1.450000E+1	2.467576E-3	1.595939E-1	-1.363712E-1
1.461250E+1	3.200501E-3	1.301771E-1	-1.156950E-1
1.472500E+1	3.092986E-3	1.389795E-1	-4.930996E-2
1.483750E+1	3.650765E-3	2.208120E-1	-7.838423E-2
1.495000E+1	2.519966E-3	1.220134E-1	-6.795771E-2
1.506250E+1	3.255517E-3	1.914759E-1	-1.484604E-1
1.517500E+1	2.807029E-3	1.289622E-1	-5.461973E-2
1.528750E+1	2.485697E-3	1.674240E-1	-1.180939E-1
1.540000E+1	3.248284E-3	9.236193E-2	-9.202743E-2
1.551250E+1	2.454847E-3	8.294872E-2	-5.561286E-2
1.562500E+1	2.493549E-3	1.804938E-1	-8.330767E-2
1.573750E+1	3.107198E-3	1.707670E-1	-1.105506E-1
1.585000E+1	3.131586E-3	1.153134E-1	-5.343215E-2
1.596250E+1	2.968241E-3	9.657369E-2	-5.717899E-2
1.607500E+1	2.821377E-3	1.000121E-1	-2.274338E-2
1.618750E+1	2.404016E-3	1.307925E-1	-1.131100E-1
1.630000E+1	2.932428E-3	7.842679E-2	1.071428E-2
1.641250E+1	3.607998E-3	1.589390E-1	-1.226969E-1
1.652500E+1	2.517163E-3	1.707744E-1	-1.427692E-1
1.663750E+1	3.198344E-3	1.680500E-1	-1.081039E-1
1.675000E+1	3.258602E-3	1.113777E-1	-5.893110E-2
1.686250E+1	3.053330E-3	2.028607E-1	-1.788475E-1
1.697500E+1	3.297351E-3	1.716130E-1	-1.418292E-1
1.708750E+1	2.999389E-3	1.654463E-1	-1.275159E-1
1.720000E+1	2.947974E-3	1.654747E-1	-7.934505E-2
1.731250E+1	2.966031E-3	1.683823E-1	-1.170269E-1
1.742500E+1	3.312337E-3	1.272271E-1	-5.705164E-2
1.753750E+1	2.744010E-3	1.005109E-1	-1.655583E-3
1.765000E+1	3.484502E-3	1.872524E-1	-1.467322E-1
1.776250E+1	3.686000E-3	2.171710E-1	-1.594819E-1
1.787500E+1	3.024978E-3	1.229165E-1	-7.845633E-2
1.798750E+1	2.895832E-3	1.601819E-1	-1.539103E-1
1.810000E+1	2.796232E-3	1.425058E-1	-1.353336E-1
1.821250E+1	2.821793E-3	1.539579E-1	-1.054215E-1
1.832500E+1	3.617196E-3	1.513937E-1	-5.888600E-2
1.843750E+1	3.258522E-3	1.432418E-1	-8.142437E-2
1.855000E+1	2.776574E-3	6.623431E-2	-4.586303E-2
1.866250E+1	2.993988E-3	1.596268E-1	-8.694590E-2
1.877500E+1	2.924592E-3	1.912497E-1	-1.409084E-1
1.888750E+1	3.229850E-3	9.166092E-2	-4.408350E-2
1.900000E+1	3.080205E-3	8.859715E-2	-8.270449E-2
1.911250E+1	2.839167E-3	1.335571E-1	-1.221713E-1
1.922500E+1	2.855479E-3	1.103743E-1	-8.645213E-2
1.933750E+1	3.096852E-3	5.801887E-2	-3.957063E-2
1.945000E+1	3.444528E-3	2.075130E-1	-1.932825E-1
1.956250E+1	3.582595E-3	1.114068E-1	-6.004960E-2
1.967500E+1	3.366517E-3	9.286819E-2	-8.847928E-2
1.978750E+1	3.807463E-3	8.323313E-2	-8.308987E-2
1.990000E+1	3.622641E-3	2.331653E-1	-8.891946E-2
2.001250E+1	3.597653E-3	1.182601E-1	-1.114273E-1
2.012500E+1	2.740537E-3	1.178479E-1	-4.994136E-2
2.023750E+1	3.687964E-3	1.474002E-1	-1.138245E-1
2.035000E+1	3.651096E-3	1.313512E-1	-4.796252E-2
2.046250E+1	3.608725E-3	1.631603E-1	-9.048059E-2
2.057500E+1	2.795648E-3	5.121910E-2	2.223626E-2
2.068750E+1	3.441467E-3	1.835130E-1	-1.044504E-1
2.080000E+1	3.237816E-3	1.486436E-1	-1.183693E-1
2.091250E+1	2.982906E-3	1.922392E-1	-1.517225E-1
2.102500E+1	2.947053E-3	8.118578E-2	-8.094000E-2
2.113750E+1	2.778462E-3	1.219099E-1	-1.042299E-1
2.125000E+1	2.818076E-3	1.595450E-1	-1.061051E-1
2.136250E+1	3.715143E-3	1.317110E-1	-7.983304E-2
2.147500E+1	3.091918E-3	1.098071E-1	-9.300361E-2
2.158750E+1	3.178632E-3	1.721621E-1	-9.578025E-2
2.170000E+1	4.426559E-3	1.837007E-1	-1.223186E-1
2.181250E+1	3.388927E-3	9.159765E-2	-7.449930E-2
2.192500E+1	3.262060E-3	1.094228E-1	-9.470677E-2
2.203750E+1	3.028675E-3	9.045393E-2	-8.583538E-2
2.215000E+1	2.955989E-3	6.056922E-2	-5.866251E-2
2.226250E+1	3.653317E-3	1.237487E-1	-1.024245E-1
2.237500E+1	3.049161E-3	1.137776E-1	-6.512582E-2
2.248750E+1	2.711498E-3	8.694305E-2	-6.757669E-2
2.260000E+1	3.181096E-3	1.537407E-1	-1.536810E-1
2.271250E+1	3.009639E-3	1.450463E-1	-1.108922E-1
2.282500E+1	3.268304E-3	6.223543E-2	-4.877051E-2
2.293750E+1	3.865923E-3	1.083921E-1	-9.855994E-2
2.305000E+1	3.335505E-3	1.217526E-1	-4.908819E-2
2.316250E+1	3.584066E-3	7.479415E-2	-6.402461E-2
2.327500E+1	3.831258E-3	2.146187E-1	-8.986893E-2
2.338750E+1	3.612287E-3	1.587663E-1	-1.041576E-1
2.350000E+1	3.617150E-3	1.450097E-1	-1.422558E-1
2.361250E+1	2.921088E-3	1.395718E-1	-1.057096E-1
2.372500E+1	3.672161E-3	1.555814E-1	-7.778815E-2
2.383750E+1	3.658872E-3	6.019737E-2	-5.948986E-2
2.395000E+1	4.407082E-3	1.979706E-1	-1.033499E-1
2.406250E+1	3.572059E-3	1.449366E-1	-1.448698E-1
2.417500E+1	3.922208E-3	1.571915E-1	-1.313527E-1
2.428750E+1	3.850688E-3	1.346248E-1	-1.140557E-1
2.440000E+1	3.380144E-3	1.489642E-1	-1.160252E-1
2.451250E+1	4.174203E-3	1.989158E-1	-1.062148E-1
2.462500E+1	4.087138E-3	2.264282E-1	-1.875162E-1
2.473750E+1	3.800827E-3	1.162619E-1	-1.162041E-1
2.485000E+1	3.681727E-3	1.433207E-1	-1.431813E-1
2.496250E+1	4.371690E-3	1.915261E-1	-1.045588E-1
2.507500E+1	3.857046E-3	6.303693E-2	-4.787012E-2
2.518750E+1	3.614195E-3	9.652817E-2	-8.342467E-2
2.530000E+1	3.150042E-3	6.180580E-2	-4.130879E-2
2.541250E+1	3.552963E-3	1.344111E-1	-9.999622E-2
2.552500E+1	2.851783E-3	1.304099E-1	-1.264630E-1
2.563750E+1	3.545738E-3	1.635199E-1	-1.621819E-1
2.575000E+1	3.637817E-3	1.092410E-1	-1.039063E-1
2.586250E+1	3.543456E-3	5.865489E-2	-3.539392E-2
2.597500E+1	4.265815E-3	1.543096E-1	-1.540762E-1
2.608750E+1	3.362695E-3	1.202584E-1	-7.281153E-2
2.620000E+1	3.495085E-3	1.937198E-1	-1.402666E-1
2.631250E+1	3.407557E-3	8.560949E-2	-7.133580E-2
2.642500E+1	4.450561E-3	9.870628E-2	-6.709164E-2
2.653750E+1	3.410540E-3	1.555222E-1	-1.452599E-1
2.665000E+1	3.565551E-3	1.795750E-1	-7.825509E-2
2.676250E+1	3.337504E-3	4.941778E-2	-3.137906E-2
2.687500E+1	4.248726E-3	1.198190E-1	-1.140244E-1
2.698750E+1	3.636053E-3	6.566215E-2	-8.920148E-4
2.710000E+1	3.736262E-3	1.741088E-1	-1.299431E-1
2.721250E+1	4.012994E-3	7.151597E-2	2.317034E-2
2.732500E+1	3.210159E-3	1.767589E-1	-1.243455E-1
2.743750E+1	3.446550E-3	1.181360E-1	-8.771103E-2
2.755000E+1	3.918178E-3	7.589015E-2	-6.297930E-2
2.766250E+1	3.395317E-3	7.575001E-2	-4.946270E-2
2.777500E+1	3.896601E-3	1.617958E-1	-9.990372E-2
2.788750E+1	4.057490E-3	1.294774E-1	-1.274356E-1
2.800000E+1	4.639895E-3	1.227657E-1	-9.032368E-2
2.811250E+1	3.759873E-3	1.616183E-1	-1.241439E-1
2.822500E+1	4.612336E-3	1.003191E-1	-1.124833E-3
2.833750E+1	4.231490E-3	1.515945E-1	-1.346564E-1
2.845000E+1	3.359132E-3	1.035581E-1	-6.937634E-2
2.856250E+1	4.033105E-3	8.427081E-2	-8.269015E-2
2.867500E+1	2.989658E-3	1.592111E-1	-1.565227E-1
2.878750E+1	3.429469E-3	1.811318E-1	-1.371922E-1
2.890000E+1	3.025978E-3	1.247480E-1	-1.076301E-1
2.901250E+1	3.904064E-3	1.360163E-1	-1.359063E-1
2.912500E+1	3.722157E-3	1.744155E-1	-1.686354E-1
2.923750E+1	3.465253E-3	9.624631E-2	-8.799499E-2
2.935000E+1	4.489790E-3	1.433708E-1	-9.055392E-2
2.946250E+1	3.601529E-3	2.248639E-1	-1.492422E-1
2.957500E+1	3.913418E-3	1.441914E-1	-1.302661E-1
2.968750E+1	3.438259E-3	1.725890E-1	-1.720547E-1
2.980000E+1	3.980018E-3	1.418189E-1	-1.228887E-1
2.991250E+1	3.761803E-3	6.734887E-2	-1.744807E-2
3.002500E+1	3.137426E-3	2.825432E-2	-7.853444E-3
3.013750E+1	3.877948E-3	9.553339E-2	-9.249307E-2
3.025000E+1	4.312570E-3	2.214477E-1	-1.319068E-1
3.036250E+1	3.662952E-3	1.015498E-1	-9.315716E-2
3.047500E+1	4.271809E-3	6.907552E-2	-6.737778E-2
3.058750E+1	3.222393E-3	8.205865E-2	-5.560416E-2
3.070000E+1	3.580436E-3	1.121016E-1	-1.119474E-1
3.081250E+1	4.670398E-3	1.615593E-1	-1.475403E-1
3.092500E+1	4.791892E-3	9.199924E-2	-9.120880E-2
3.103750E+1	4.180312E-3	1.018383E-1	-1.011105E-1
3.115000E+1	3.893935E-3	5.959915E-2	2.556124E-2
3.126250E+1	3.291578E-3	1.828242E-1	-1.828189E-1
3.137500E+1	3.534754E-3	7.671793E-2	-7.545232E-2
3.148750E+1	3.577778E-3	9.331460E-2	-8.788589E-2
3.160000E+1	4.175410E-3	1.876343E-1	-1.865102E-1
3.171250E+1	3.763097E-3	1.822909E-1	-1.727132E-1
3.182500E+1	4.162298E-3	8.756188E-2	-7.714512E-2
3.193750E+1	4.687905E-3	1.411500E-1	-1.140297E-1
3.205000E+1	3.438387E-3	1.575111E-1	-1.123092E-1
3.216250E+1	4.300680E-3	5.843903E-2	-5.604825E-2
3.227500E+1	3.999602E-3	1.461806E-1	-1.219896E-1
3.238750E+1	3.810011E-3	1.751416E-1	-1.750473E-1
3.250000E+1	4.212338E-3	1.519029E-1	-9.251723E-2
3.261250E+1	3.803967E-3	2.136269E-1	-1.640327E-1
3.272500E+1	4.378934E-3	6.659496E-2	-6.595904E-2
3.283750E+1	3.461458E-3	8.104730E-2	-7.820992E-2
3.295000E+1	3.628641E-3	1.467149E-1	-1.366118E-1
3.306250E+1	3.141816E-3	1.125118E-1	-1.114012E-1
3.317500E+1	4.116194E-3	1.778490E-1	-1.712329E-1
3.328750E+1	2.786794E-3	1.921792E-1	-1.723193E-1
3.340000E+1	3.185109E-3	8.018930E-2	-5.562316E-2
3.351250E+1	3.749996E-3	7.177271E-2	-7.161620E-2
3.362500E+1	3.792309E-3	1.004172E-1	-2.755900E-2
3.373750E+1	3.623441E-3	1.291353E-1	-1.227323E-1
3.385000E+1	4.283098E-3	1.148844E-1	-9.170547E-2
3.396250E+1	2.914228E-3	1.887533E-1	-1.792959E-1
3.407500E+1	3.964825E-3	1.649076E-1	-1.643379E-1
3.418750E+1	3.710752E-3	8.876984E-2	-6.102787E-2
3.430000E+1	3.346740E-3	3.138863E-2	-2.250942E-2
3.441250E+1	2.791132E-3	6.726358E-2	-6.726127E-2
3.452500E+1	3.084777E-3	5.295238E-2	-5.267166E-2
3.463750E+1	2.927317E-3	1.228168E-1	-1.140094E-1
3.475000E+1	3.068399E-3	1.889008E-1	-1.885926E-1
3.486250E+1	3.146320E-3	1.567462E-1	-1.502505E-1
3.497500E+1	3.180601E-3	1.263696E-1	-1.182197E-1
3.508750E+1	3.886001E-3	1.446697E-1	-1.434744E-1
3.520000E+1	2.986130E-3	2.102939E-1	-1.846534E-1
3.531250E+1	2.857558E-3	6.693102E-2	-6.693035E-2
3.542500E+1	3.049710E-3	7.414529E-2	-7.184754E-2
3.553750E+1	3.438519E-3	1.468617E-1	-1.432003E-1
3.565000E+1	2.590316E-3	1.954910E-1	-1.910398E-1
3.576250E+1	2.566140E-3	1.697193E-1	-1.542429E-1
3.587500E+1	3.752249E-3	9.173021E-2	-8.707962E-2
3.598750E+1	3.150787E-3	1.759026E-1	-1.564887E-1
3.610000E+1	3.168862E-3	8.268541E-2	-8.184911E-2
3.621250E+1	3.822268E-3	1.538544E-1	-1.533920E-1
3.632500E+1	3.625511E-3	5.317088E-2	-4.051339E-2
3.643750E+1	3.322649E-3	1.272313E-1	-1.223504E-1
3.655000E+1	3.214861E-3	1.094438E-1	-1.051810E-1
3.666250E+1	3.135410E-3	6.555811E-2	-8.829786E-3
3.677500E+1	3.081265E-3	1.212604E-1	-1.211408E-1
3.688750E+1	3.795982E-3	1.258957E-1	-8.688906E-2
3.700000E+1	3.066031E-3	1.116344E-1	-1.082632E-1
3.711250E+1	4.253123E-3	4.621055E-2	-3.927153E-2
3.722500E+1	3.437236E-3	1.206365E-1	-1.199521E-1
3.733750E+1	3.185818E-3	1.343334E-1	-1.323664E-1
3.745000E+1	3.043923E-3	1.789272E-1	-1.604385E-1
3.756250E+1	3.648864E-3	1.247576E-1	-9.905816E-2
3.767500E+1	3.370658E-3	1.387611E-1	-1.386400E-1
3.778750E+1	3.349968E-3	8.378781E-2	-8.378699E-2
3.790000E+1	3.371000E-3	7.449657E-2	-4.080496E-2
3.801250E+1	3.666577E-3	1.148563E-1	-1.122326E-1
3.812500E+1	3.190714E-3	1.109116E-1	-1.079378E-1
3.823750E+1	2.751835E-3	1.073863E-1	-1.056225E-1
3.835000E+1	2.634683E-3	1.629290E-1	-1.588715E-1
3.846250E+1	3.488027E-3	1.321151E-1	-1.293132E-1
3.857500E+1	3.178123E-3	7.114316E-2	-5.210878E-2
3.868750E+1	2.757438E-3	1.105892E-1	-1.098190E-1
3.880000E+1	2.817387E-3	1.005251E-1	-9.786915E-2
3.891250E+1	3.090403E-3	1.095108E-1	-1.055023E-1
3.902500E+1	3.234034E-3	1.232389E-1	-1.124966E-1
3.913750E+1	3.780887E-3	2.039765E-1	-6.096215E-2
3.925000E+1	3.476734E-3	1.026345E-1	-1.026005E-1
3.936250E+1	2.986178E-3	1.577245E-1	-1.576327E-1
3.947500E+1	2.654097E-3	1.710123E-1	-1.483488E-1
3.958750E+1	2.892880E-3	1.404029E-1	-1.366391E-1
3.970000E+1	3.583949E-3	1.592783E-1	-1.562025E-1
3.981250E+1	3.162511E-3	8.579052E-2	-7.895492E-2
3.992500E+1	3.354976E-3	6.325082E-2	-6.096215E-2
4.003750E+1	3.183830E-3	1.032729E-1	-1.014434E-1
4.015000E+1	2.366154E-3	1.032297E-1	-1.032156E-1
4.026250E+1	2.927362E-3	1.437499E-1	-1.342369E-1
4.037500E+1	2.287251E-3	9.218285E-2	-8.169996E-2
4.048750E+1	3.212317E-3	1.035567E-1	-1.035171E-1
4.060000E+1	2.989770E-3	1.433366E-1	-1.394592E-1
4.071250E+1	3.220006E-3	1.462258E-1	-1.310366E-1
4.082500E+1	2.674957E-3	1.739459E-1	-1.733397E-1
4.093750E+1	2.719918E-3	7.598303E-2	-7.438663E-2
4.105000E+1	3.072193E-3	7.542123E-2	-7.450926E-2
4.116250E+1	2.818684E-3	1.371459E-1	-1.367916E-1
4.127500E+1	3.282377E-3	1.455613E-1	-1.123025E-1
4.138750E+1	3.534862E-3	1.055129E-1	-1.050782E-1
4.150000E+1	2.680501E-3	8.066062E-2	-7.158639E-2
4.161250E+1	2.569547E-3	1.407826E-1	-1.402272E-1
4.172500E+1	3.298630E-3	9.819707E-2	-9.629647E-2
4.183750E+1	2.514550E-3	1.134818E-1	-1.097389E-1
4.195000E+1	3.334362E-3	1.166574E-1	-1.144732E-1
4.206250E+1	3.309546E-3	1.546682E-1	-1.543524E-1
4.217500E+1	2.746912E-3	1.314923E-1	-1.312809E-1
4.228750E+1	3.267905E-3	1.122351E-1	-1.120675E-1
4.240000E+1	2.366168E-3	1.384950E-1	-1.350488E-1
4.251250E+1	2.718673E-3	5.889302E-2	-5.511109E-2
4.262500E+1	2.719007E-3	5.463325E-2	-5.103041E-2
4.273750E+1	2.275431E-3	1.401825E-1	-1.321383E-1
4.285000E+1	3.154663E-3	1.195078E-1	-1.190464E-1
4.296250E+1	3.245069E-3	1.422239E-1	-1.013608E-1
4.307500E+1	2.883792E-3	4.220419E-2	-3.674387E-2
4.318750E+1	2.598078E-3	2.355529E-1	-2.330673E-1
4.330000E+1	2.532877E-3	9.985693E-2	-9.933132E-2
4.341250E+1	2.967468E-3	1.071957E-1	-1.065765E-1
4.352500E+1	2.917172E-3	9.128744E-2	-9.051811E-2
4.363750E+1	2.492711E-3	1.093572E-1	-1.068562E-1
4.375000E+1	2.287230E-3	1.021372E-1	-1.019859E-1
4.386250E+1	2.830488E-3	1.084850E-1	-1.083762E-1
4.397500E+1	3.009224E-3	9.457943E-2	-8.674832E-2
4.408750E+1	2.433663E-3	5.032837E-2	-5.017636E-2
4.420000E+1	2.464664E-3	9.783479E-2	-9.775600E-2
4.431250E+1	2.403199E-3	1.132019E-1	-1.130884E-1
4.442500E+1	2.857037E-3	7.437350E-2	-5.579898E-2
4.453750E+1	2.452335E-3	9.600367E-2	-9.266787E-2
4.465000E+1	2.639159E-3	1.005569E-1	-9.921221E-2
4.476250E+1	3.062273E-3	8.925573E-2	-8.925070E-2
4.487500E+1	3.280067E-3	1.244380E-1	-1.239485E-1
4.498750E+1	3.255701E-3	1.001315E-1	-9.018638E-2
4.510000E+1	2.669905E-3	1.256403E-1	-1.255589E-1
4.521250E+1	3.047904E-3	1.512532E-1	-1.490368E-1
4.532500E+1	3.086132E-3	1.543028E-1	-1.515169E-1
4.543750E+1	2.982334E-3	1.163925E-1	-1.158071E-1
4.555000E+1	3.170006E-3	1.721137E-1	-1.659714E-1
4.566250E+1	2.869366E-3	8.951861E-2	-8.618420E-2
4.577500E+1	2.870969E-3	5.114561E-2	-4.868225E-2
4.588750E+1	3.393546E-3	1.410272E-1	-1.395282E-1
4.600000E+1	2.925412E-3	1.392994E-1	-1.245812E-1
4.611250E+1	2.294804E-3	1.616882E-1	-1.578231E-1
4.622500E+1	2.741522E-3	1.232694E-1	-8.055840E-2
4.633750E+1	2.455138E-3	1.722461E-1	-1.721165E-1
4.645000E+1	3.284288E-3	1.836878E-1	-1.830899E-1
4.656250E+1	3.044360E-3	1.528362E-1	-1.243448E-1
4.667500E+1	2.993868E-3	7.042880E-2	-6.749304E-2
4.678750E+1	2.683219E-3	4.084222E-2	-2.962543E-2
4.690000E+1	2.586806E-3	1.297062E-1	-1.283347E-1
4.701250E+1	3.298325E-3	1.370725E-1	-1.370717E-1
4.712500E+1	2.635997E-3	1.084365E-1	-1.074575E-1
4.723750E+1	2.691839E-3	1.681161E-1	-1.622041E-1
4.735000E+1	2.637719E-3	1.471559E-1	-1.468515E-1
4.746250E+1	2.823228E-3	1.184222E-1	-1.184053E-1
4.757500E+1	3.481366E-3	1.797139E-1	-1.797115E-1
4.768750E+1	3.822227E-3	1.474862E-1	-1.474389E-1
4.780000E+1	2.507996E-3	1.636749E-1	-1.520223E-1
4.791250E+1	3.109716E-3	1.052233E-1	-1.051212E-1
4.802500E+1	2.883425E-3	7.846764E-2	-5.290155E-2
4.813750E+1	2.821188E-3	8.269391E-2	-7.558572E-2
4.825000E+1	2.956472E-3	1.204737E-1	-1.086055E-1
4.836250E+1	2.541677E-3	1.026357E-1	-1.019719E-1
4.847500E+1	2.643417E-3	8.341948E-2	-8.332621E-2
4.858750E+1	1.871109E-3	9.679859E-2	-9.337813E-2
4.870000E+1	2.508751E-3	1.319018E-1	-1.182761E-1
4.881250E+1	2.488394E-3	8.810292E-2	-8.772036E-2
4.892500E+1	2.862788E-3	1.709740E-1	-1.590742E-1
4.903750E+1	3.436475E-3	1.186622E-1	-1.104242E-1
4.915000E+1	3.318471E-3	1.328508E-1	-1.291428E-1
4.926250E+1	2.763450E-3	1.644038E-1	-1.606580E-1
4.937500E+1	2.427871E-3	1.392072E-1	-1.386026E-1
4.948750E+1	3.439381E-3	7.832053E-2	-7.752739E-2
4.960000E+1	3.032763E-3	1.155137E-1	-1.130144E-1
4.971250E+1	2.954904E-3	7.177859E-2	-6.997976E-2
4.982500E+1	3.337844E-3	6.667139E-2	-3.347134E-2
4.993750E+1	3.243253E-3	1.470281E-1	-1.155401E-1
5.005000E+1	3.110427E-3	1.856595E-1	-1.852496E-1
5.016250E+1	3.023956E-3	1.197444E-1	-8.263613E-2
5.027500E+1	2.648242E-3	9.920362E-2	-9.536944E-2
5.038750E+1	3.331390E-3	1.222993E-1	-1.198397E-1
5.050000E+1	3.200782E-3	6.319898E-2	1.742293E-2
5.061250E+1	2.972035E-3	1.002807E-1	-9.671918E-2
5.072500E+1	2.572547E-3	1.119617E-1	-1.119295E-1
5.083750E+1	2.764152E-3	9.326830E-2	-4.109068E-2
5.095000E+1	2.601964E-3	1.187167E-1	-1.174498E-1
5.106250E+1	3.252793E-3	1.250840E-1	-1.112736E-1
5.117500E+1	2.900629E-3	1.058499E-1	-6.616870E-2
5.128750E+1	2.584584E-3	1.037261E-1	-9.581880E-2
5.140000E+1	2.905277E-3	1.267489E-1	-9.982617E-2
5.151250E+1	2.966936E-3	1.018035E-1	-4.927532E-2
5.162500E+1	3.166134E-3	1.061835E-1	-9.595462E-2
5.173750E+1	3.779096E-3	7.149002E-2	-6.037986E-2
5.185000E+1	2.957128E-3	1.863756E-1	-1.846167E-1
5.196250E+1	2.576005E-3	9.500787E-2	-7.310993E-2
5.207500E+1	3.317863E-3	1.004913E-1	-8.638720E-2
5.218750E+1	2.766487E-3	1.223219E-1	-1.124240E-1
5.230000E+1	2.876787E-3	1.353786E-1	-1.199728E-1
5.241250E+1	2.323049E-3	5.498952E-2	-5.439679E-2
5.252500E+1	2.904602E-3	1.225417E-1	-8.169856E-2
5.263750E+1	3.184564E-3	1.278475E-1	-1.025129E-1
5.275000E+1	2.701103E-3	1.682183E-1	-1.587699E-1
5.286250E+1	2.496028E-3	9.063420E-2	-8.999335E-2
5.297500E+1	2.785521E-3	9.033608E-2	-8.071425E-2
5.308750E+1	2.209622E-3	5.700030E-2	-5.641107E-2
5.320000E+1	2.566964E-3	1.187235E-1	-1.103056E-1
5.331250E+1	2.295164E-3	6.047571E-2	-4.664869E-2
5.342500E+1	2.557285E-3	9.496976E-2	-7.062400E-2
5.353750E+1	2.939200E-3	1.454438E-1	-6.620681E-2
5.365000E+1	3.078359E-3	7.869868E-2	-7.055787E-2
5.376250E+1	2.761949E-3	1.083733E-1	-1.023582E-1
5.387500E+1	2.309103E-3	1.024027E-1	-1.022525E-1
5.398750E+1	2.620788E-3	1.031988E-1	-9.978716E-2
5.410000E+1	2.554073E-3	1.043142E-1	-8.243626E-2
5.421250E+1	2.532416E-3	1.522866E-1	-1.479560E-1
5.432500E+1	2.626689E-3	5.873192E-2	-5.483530E-2
5.443750E+1	2.756293E-3	1.222392E-1	-1.221599E-1
5.455000E+1	2.549267E-3	1.150818E-1	-1.102481E-1
5.466250E+1	2.679720E-3	1.141014E-1	-1.003819E-1
5.477500E+1	3.223598E-3	1.440279E-1	-1.420293E-1
5.488750E+1	2.531685E-3	9.158369E-2	-6.249347E-2
5.500000E+1	2.747067E-3	1.572737E-1	-1.094147E-1
