Freq (Hz)	PSD/Measured Spectrum: Power CH2 (Vrms/rtHz)	Freq Response Module (Vrms)	Freq Response Im part (Unitless Power)
1.000000E+1	1.671209E-2	7.256900E-1	-7.110120E-1
1.011250E+1	1.732579E-2	5.586669E-1	-5.546013E-1
1.022500E+1	1.254163E-2	4.506287E-1	4.483319E-1
1.033750E+1	1.648947E-2	8.538938E-1	-2.586552E-1
1.045000E+1	1.762168E-2	9.951462E-2	9.950834E-2
1.056250E+1	1.415676E-2	5.676386E-1	-2.409192E-1
1.067500E+1	1.528871E-2	5.012226E-1	-3.597538E-1
1.078750E+1	1.729425E-2	5.273202E-2	-5.271405E-2
1.090000E+1	1.708647E-2	3.927583E-1	-3.567999E-1
1.101250E+1	1.679819E-2	4.428437E-1	1.474357E-1
1.112500E+1	1.937936E-2	6.938811E-1	-2.911977E-1
1.123750E+1	1.854134E-2	5.947810E-1	-5.361647E-1
1.135000E+1	1.474908E-2	4.465147E-1	-2.826422E-1
1.146250E+1	1.751855E-2	3.623243E-1	-2.731701E-1
1.157500E+1	1.606501E-2	5.791773E-1	-3.556624E-1
1.168750E+1	1.440092E-2	5.249181E-1	-1.738300E-1
1.180000E+1	1.759772E-2	4.940641E-1	-2.178993E-1
1.191250E+1	1.790637E-2	3.486290E-1	-1.300125E-1
1.202500E+1	1.918830E-2	4.296866E-1	-1.997937E-1
1.213750E+1	2.131604E-2	3.920661E-1	-1.322442E-1
1.225000E+1	1.648181E-2	3.321582E-1	-3.310362E-1
1.236250E+1	1.752316E-2	4.096754E-1	1.388936E-2
1.247500E+1	1.442051E-2	1.344604E-1	-9.622712E-2
1.258750E+1	1.673137E-2	4.429075E-1	-1.552860E-1
1.270000E+1	1.488422E-2	7.297392E-1	-6.506485E-1
1.281250E+1	1.757520E-2	8.619528E-1	-4.566102E-1
1.292500E+1	1.784380E-2	4.458001E-1	-4.226150E-1
1.303750E+1	2.139064E-2	2.863565E-1	-2.420028E-1
1.315000E+1	1.555642E-2	1.661714E-1	1.075617E-1
1.326250E+1	1.463934E-2	5.729278E-1	-4.775533E-1
1.337500E+1	1.777336E-2	2.111717E-1	-1.481978E-1
1.348750E+1	1.458838E-2	4.607731E-1	-4.124437E-1
1.360000E+1	1.424753E-2	4.271856E-1	-3.788948E-1
1.371250E+1	1.610316E-2	5.418836E-1	-2.266017E-1
1.382500E+1	1.723604E-2	1.144464E+0	-6.293572E-1
1.393750E+1	1.736821E-2	4.658583E-1	-1.155107E-1
1.405000E+1	1.876306E-2	4.524398E-1	-3.008301E-1
1.416250E+1	1.569713E-2	4.273129E-1	-3.447669E-1
1.427500E+1	1.931052E-2	5.489632E-1	-4.160408E-1
1.438750E+1	1.908665E-2	5.070867E-1	-5.005983E-1
1.450000E+1	2.044776E-2	5.198380E-1	-5.160943E-1
1.461250E+1	1.962782E-2	6.711333E-1	-1.630967E-1
1.472500E+1	1.726970E-2	3.266637E-1	-1.181742E-2
1.483750E+1	1.545198E-2	3.258136E-1	3.681616E-2
1.495000E+1	2.125295E-2	2.903971E-1	-1.881696E-1
1.506250E+1	1.671441E-2	3.303968E-1	-2.613342E-1
1.517500E+1	1.647188E-2	5.344302E-1	-4.462040E-1
1.528750E+1	1.916253E-2	2.737342E-1	-1.955951E-1
1.540000E+1	1.743620E-2	6.768256E-1	-2.517645E-1
1.551250E+1	1.992357E-2	2.769449E-1	1.348831E-2
1.562500E+1	2.023166E-2	4.513925E-1	-4.374278E-1
1.573750E+1	2.028483E-2	4.390436E-1	-3.905531E-1
1.585000E+1	1.509352E-2	4.578616E-1	-3.800963E-1
1.596250E+1	1.800415E-2	6.470577E-1	-1.660019E-1
1.607500E+1	1.465495E-2	9.572928E-1	-5.193446E-1
1.618750E+1	1.512293E-2	4.367482E-1	-1.417696E-1
1.630000E+1	1.820182E-2	3.898954E-1	-3.222542E-1
1.641250E+1	2.192511E-2	4.621494E-1	-4.515586E-1
1.652500E+1	1.755828E-2	4.428225E-1	-1.126131E-1
1.663750E+1	1.900888E-2	4.065020E-1	-1.822429E-1
1.675000E+1	1.648470E-2	2.517112E-1	6.873859E-2
1.686250E+1	1.989124E-2	4.997136E-1	1.094385E-2
1.697500E+1	1.734463E-2	5.613074E-1	-1.325945E-1
1.708750E+1	1.571332E-2	1.855465E-1	1.354473E-1
1.720000E+1	2.266668E-2	5.603053E-1	-5.430515E-1
1.731250E+1	2.111188E-2	2.506499E-1	-2.442113E-1
1.742500E+1	2.312421E-2	4.768971E-1	-4.668328E-1
1.753750E+1	1.839983E-2	6.025466E-1	-5.892557E-1
1.765000E+1	1.740619E-2	8.456055E-1	-7.937189E-1
1.776250E+1	2.055649E-2	7.957529E-1	-7.015885E-1
1.787500E+1	1.864155E-2	5.750358E-1	-5.637503E-1
1.798750E+1	1.603270E-2	9.039927E-1	-8.713588E-1
1.810000E+1	1.780179E-2	1.033741E+0	-1.010845E+0
1.821250E+1	1.976601E-2	9.167238E-1	-6.601335E-1
1.832500E+1	1.975099E-2	8.863630E-1	-8.797031E-1
1.843750E+1	2.295301E-2	2.395920E-1	-2.391549E-1
1.855000E+1	1.661437E-2	5.851842E-1	-5.564416E-1
1.866250E+1	1.876812E-2	8.370939E-1	-7.357327E-1
1.877500E+1	1.477538E-2	2.894204E-1	-2.677144E-1
1.888750E+1	2.108129E-2	5.069689E-1	-2.845394E-1
1.900000E+1	1.608733E-2	3.900221E-1	-3.023156E-1
1.911250E+1	2.090478E-2	4.127010E-1	-4.121663E-1
1.922500E+1	1.671503E-2	5.723774E-1	-5.236875E-1
1.933750E+1	2.191301E-2	1.692356E-1	-1.629345E-1
1.945000E+1	2.089582E-2	7.885307E-1	-7.715349E-1
1.956250E+1	2.158357E-2	4.028758E-1	-3.940141E-1
1.967500E+1	2.059450E-2	1.036259E+0	-9.623964E-1
1.978750E+1	2.066871E-2	5.475197E-1	-4.551165E-1
1.990000E+1	2.053162E-2	5.272423E-1	-9.466556E-2
2.001250E+1	2.158232E-2	7.231899E-1	-3.008939E-1
2.012500E+1	1.519543E-2	8.850680E-1	-6.024712E-1
2.023750E+1	1.952305E-2	7.897885E-1	-1.623527E-1
2.035000E+1	1.884604E-2	6.030654E-1	-6.030015E-1
2.046250E+1	2.211235E-2	5.566481E-2	4.572590E-3
2.057500E+1	2.109450E-2	9.111554E-1	-4.887457E-1
2.068750E+1	1.718423E-2	4.614455E-1	-3.961025E-1
2.080000E+1	1.872992E-2	4.510520E-1	-4.508283E-1
2.091250E+1	2.297362E-2	8.687752E-1	-8.643557E-1
2.102500E+1	1.468974E-2	5.627012E-1	-5.310336E-1
2.113750E+1	1.654864E-2	5.711581E-1	-5.710481E-1
2.125000E+1	1.411432E-2	1.116570E-1	-5.385549E-2
2.136250E+1	1.821821E-2	8.077364E-1	-6.902496E-1
2.147500E+1	2.048068E-2	6.766789E-1	-5.856487E-1
2.158750E+1	1.881419E-2	4.637181E-1	-3.884332E-1
2.170000E+1	2.210481E-2	1.054970E-1	-7.120973E-2
2.181250E+1	2.297167E-2	2.567569E-1	-2.346136E-1
2.192500E+1	2.053503E-2	1.116172E+0	-1.106673E+0
2.203750E+1	2.324297E-2	9.512466E-1	-6.366051E-1
2.215000E+1	1.821392E-2	5.047716E-1	-4.709383E-1
2.226250E+1	2.187365E-2	2.528481E-1	-2.089774E-1
2.237500E+1	1.756769E-2	2.087557E-1	-1.962502E-1
2.248750E+1	2.113939E-2	1.796452E-1	-1.664694E-1
2.260000E+1	2.036948E-2	5.165260E-1	-5.086442E-1
2.271250E+1	2.199837E-2	6.741455E-1	-6.315280E-1
2.282500E+1	2.479681E-2	1.083308E-1	-7.700491E-2
2.293750E+1	2.292139E-2	3.833053E-1	-3.534229E-2
2.305000E+1	1.990590E-2	7.717294E-1	-5.657072E-2
2.316250E+1	1.863841E-2	4.984321E-1	-4.620332E-1
2.327500E+1	2.165218E-2	3.548554E-1	-2.479602E-1
2.338750E+1	2.183540E-2	6.334227E-1	-9.233074E-2
2.350000E+1	2.375199E-2	7.891874E-1	-7.675360E-1
2.361250E+1	1.795702E-2	4.833731E-1	-4.679512E-1
2.372500E+1	1.969042E-2	5.507329E-1	-4.316852E-1
2.383750E+1	2.247465E-2	4.748063E-1	-4.346390E-1
2.395000E+1	2.011962E-2	7.824936E-1	-5.612043E-1
2.406250E+1	1.994335E-2	1.037789E+0	-9.000441E-1
2.417500E+1	2.069335E-2	2.509044E-1	-2.132669E-1
2.428750E+1	1.773293E-2	4.453780E-1	-3.456034E-1
2.440000E+1	2.202778E-2	8.475396E-1	-1.986338E-1
2.451250E+1	2.189529E-2	8.865240E-1	-6.908987E-1
2.462500E+1	2.136384E-2	6.935288E-1	-5.986273E-1
2.473750E+1	2.257462E-2	1.194608E+0	-1.190863E+0
2.485000E+1	2.373971E-2	7.407098E-1	-6.911064E-1
2.496250E+1	1.695452E-2	2.525740E-1	-1.108744E-1
2.507500E+1	1.972859E-2	3.732930E-1	-6.121676E-2
2.518750E+1	1.823659E-2	3.898649E-1	8.569786E-3
2.530000E+1	1.645637E-2	4.663191E-1	-4.599899E-1
2.541250E+1	1.983126E-2	1.601827E-1	-8.546636E-2
2.552500E+1	1.792197E-2	5.725455E-1	-3.548962E-1
2.563750E+1	1.760800E-2	1.691153E-1	-2.174629E-2
2.575000E+1	1.930640E-2	2.109699E-1	-1.244589E-1
2.586250E+1	2.356620E-2	3.992312E-1	-3.541079E-1
2.597500E+1	2.417464E-2	3.887302E-1	-2.322190E-1
2.608750E+1	1.753480E-2	5.303698E-1	-5.060721E-1
2.620000E+1	1.852678E-2	1.512775E-1	1.350057E-1
2.631250E+1	2.140840E-2	2.426225E-1	-2.326072E-1
2.642500E+1	2.044977E-2	4.639716E-1	-4.602703E-1
2.653750E+1	2.195860E-2	1.001454E-1	-8.826669E-2
2.665000E+1	2.258995E-2	6.500488E-1	-6.519027E-2
2.676250E+1	1.884003E-2	1.007496E+0	-9.380714E-1
2.687500E+1	2.285995E-2	9.798200E-1	-9.189388E-1
2.698750E+1	2.385635E-2	7.842204E-1	-7.717445E-1
2.710000E+1	1.731752E-2	4.345520E-1	-3.982310E-1
2.721250E+1	2.293894E-2	9.453645E-1	-9.020399E-1
2.732500E+1	1.731058E-2	4.340092E-1	-1.615185E-1
2.743750E+1	2.341495E-2	3.742968E-1	-2.758048E-1
2.755000E+1	2.325767E-2	1.378462E-1	1.073478E-1
2.766250E+1	1.771243E-2	4.125813E-1	-3.891655E-1
2.777500E+1	1.542229E-2	2.730339E-1	-2.708957E-1
2.788750E+1	1.937562E-2	5.725239E-1	-5.640587E-1
2.800000E+1	2.148826E-2	6.531096E-1	-6.310061E-1
2.811250E+1	1.757676E-2	1.142158E-1	-1.126454E-1
2.822500E+1	2.657395E-2	6.841022E-1	-2.970586E-1
2.833750E+1	2.034479E-2	6.397945E-1	-5.791950E-1
2.845000E+1	1.875971E-2	3.696769E-1	-3.695976E-1
2.856250E+1	1.568946E-2	6.319506E-1	-6.237735E-1
2.867500E+1	1.915627E-2	3.899627E-1	-3.495452E-1
2.878750E+1	1.496511E-2	7.960520E-1	-7.535225E-1
2.890000E+1	1.855067E-2	5.162404E-1	-4.681980E-1
2.901250E+1	1.649353E-2	3.508265E-1	-3.376732E-1
2.912500E+1	1.976796E-2	5.444742E-1	-4.652945E-1
2.923750E+1	1.811653E-2	6.586753E-1	-5.833327E-1
2.935000E+1	1.733753E-2	4.244867E-1	-1.858799E-1
2.946250E+1	1.765523E-2	5.029815E-1	-5.013937E-1
2.957500E+1	2.546352E-2	6.110040E-1	-5.927750E-1
2.968750E+1	1.523445E-2	2.070678E-1	-1.199767E-1
2.980000E+1	1.844566E-2	2.433738E-1	-1.593261E-1
2.991250E+1	2.007093E-2	5.652056E-1	-3.591084E-1
3.002500E+1	1.813908E-2	7.043467E-1	-6.927571E-1
3.013750E+1	1.812337E-2	3.080502E-1	-2.819878E-1
3.025000E+1	1.440200E-2	6.048658E-1	-5.509023E-2
3.036250E+1	1.792779E-2	3.547438E-1	-3.268952E-1
3.047500E+1	1.852484E-2	5.372079E-1	-4.737375E-1
3.058750E+1	2.124114E-2	3.382900E-1	-3.175340E-1
3.070000E+1	1.669091E-2	8.053748E-2	7.996609E-2
3.081250E+1	2.018446E-2	4.689837E-1	-3.254476E-1
3.092500E+1	2.176087E-2	2.876380E-1	-2.201249E-1
3.103750E+1	1.962072E-2	6.292911E-1	-3.601133E-1
3.115000E+1	2.069895E-2	2.249321E-1	-1.137925E-1
3.126250E+1	1.538954E-2	3.952368E-1	-3.672622E-1
3.137500E+1	1.594075E-2	7.128077E-1	-4.245048E-1
3.148750E+1	1.642869E-2	2.158055E-1	-2.098785E-1
3.160000E+1	1.506698E-2	1.798828E-1	-1.074352E-1
3.171250E+1	2.148861E-2	4.583241E-1	-2.858007E-1
3.182500E+1	1.833928E-2	3.691776E-1	-3.640100E-1
3.193750E+1	1.686193E-2	3.159643E-1	-2.490364E-1
3.205000E+1	1.345780E-2	6.590193E-1	-5.458478E-1
3.216250E+1	1.366932E-2	2.829585E-1	-2.809299E-1
3.227500E+1	1.937476E-2	5.077876E-1	-4.810160E-1
3.238750E+1	1.407071E-2	5.726734E-1	-4.058895E-1
3.250000E+1	1.243900E-2	4.366994E-1	-2.422303E-1
3.261250E+1	1.748908E-2	3.306543E-1	-3.197840E-1
3.272500E+1	1.818333E-2	1.724566E-1	-1.608339E-1
3.283750E+1	1.798857E-2	3.839892E-1	-3.519472E-1
3.295000E+1	1.383566E-2	5.453314E-1	-4.433464E-1
3.306250E+1	1.871891E-2	3.533932E-1	-3.290344E-1
3.317500E+1	1.563029E-2	5.880600E-1	-5.538995E-1
3.328750E+1	1.720215E-2	3.522079E-1	1.032861E-1
3.340000E+1	1.560705E-2	3.311277E-1	-1.464936E-1
3.351250E+1	1.841993E-2	3.922539E-1	-3.836645E-1
3.362500E+1	1.430387E-2	2.421531E-1	-2.365225E-1
3.373750E+1	2.000711E-2	1.639766E-1	-1.393502E-1
3.385000E+1	2.103338E-2	4.275893E-1	-3.422282E-1
3.396250E+1	1.774940E-2	3.088381E-1	-1.355589E-1
3.407500E+1	1.872659E-2	2.327425E-1	-2.108189E-1
3.418750E+1	1.349520E-2	4.231285E-1	-9.556794E-2
3.430000E+1	1.590096E-2	5.261823E-1	-1.008844E-1
3.441250E+1	1.431316E-2	3.866909E-1	-1.103386E-1
3.452500E+1	1.179124E-2	5.957214E-1	-3.377735E-1
3.463750E+1	1.477936E-2	1.938664E-1	-1.306717E-1
3.475000E+1	1.370458E-2	2.085716E-1	-1.926335E-1
3.486250E+1	1.320131E-2	2.358968E-1	2.358515E-1
3.497500E+1	1.372567E-2	5.586386E-1	-4.744961E-1
3.508750E+1	1.374929E-2	2.695730E-1	1.920470E-1
3.520000E+1	1.511398E-2	4.097849E-1	-3.363732E-1
3.531250E+1	1.398121E-2	3.590291E-1	3.075584E-2
3.542500E+1	1.334974E-2	1.772254E-1	8.171751E-2
3.553750E+1	1.374001E-2	3.598236E-1	-2.443998E-1
3.565000E+1	1.336084E-2	4.230458E-1	-4.065159E-1
3.576250E+1	1.246644E-2	3.661101E-1	-1.735136E-1
3.587500E+1	1.440080E-2	2.206151E-1	-6.943090E-2
3.598750E+1	1.456679E-2	1.886727E-1	-1.393907E-1
3.610000E+1	1.082035E-2	3.748028E-1	-2.058716E-1
3.621250E+1	1.336664E-2	4.910712E-1	-4.539872E-1
3.632500E+1	1.472818E-2	5.623804E-1	-5.037233E-1
3.643750E+1	1.363636E-2	2.524861E-1	-2.395768E-1
3.655000E+1	1.127767E-2	3.276207E-1	-2.731962E-1
3.666250E+1	1.399065E-2	5.602746E-1	-4.111142E-1
3.677500E+1	1.359688E-2	1.768343E-1	-1.713846E-1
3.688750E+1	1.176473E-2	3.110878E-1	-6.868411E-2
3.700000E+1	1.069847E-2	1.640321E-1	1.612940E-1
3.711250E+1	1.387721E-2	6.376025E-2	-4.462740E-2
3.722500E+1	1.159958E-2	3.060902E-1	-1.854996E-1
3.733750E+1	1.221670E-2	2.809788E-1	2.599296E-1
3.745000E+1	1.217643E-2	4.001937E-1	-1.907213E-1
3.756250E+1	1.096243E-2	4.938565E-1	-4.137927E-1
3.767500E+1	1.029518E-2	2.866595E-1	5.839604E-2
3.778750E+1	1.411130E-2	4.868513E-1	-3.196123E-1
3.790000E+1	1.353856E-2	1.381337E-1	-9.343279E-2
3.801250E+1	1.116495E-2	3.713273E-1	-3.707224E-1
3.812500E+1	1.211249E-2	6.617006E-2	6.346577E-2
3.823750E+1	1.535416E-2	2.011705E-1	-1.737539E-1
3.835000E+1	1.172175E-2	1.098974E-1	-6.920728E-2
3.846250E+1	1.445424E-2	1.767169E-1	-1.716457E-1
3.857500E+1	1.220280E-2	2.581734E-1	-9.769648E-2
3.868750E+1	9.636184E-3	8.694755E-2	-5.696339E-2
3.880000E+1	9.251738E-3	1.226130E-1	2.666970E-2
3.891250E+1	1.157217E-2	4.388695E-1	6.791946E-2
3.902500E+1	8.302333E-3	1.214853E-1	-9.818059E-2
3.913750E+1	1.205670E-2	1.318637E-1	8.149472E-3
3.925000E+1	9.759591E-3	2.484424E-1	-5.873134E-2
3.936250E+1	1.046768E-2	2.053496E-1	-1.931234E-1
3.947500E+1	9.752043E-3	2.328323E-1	-2.022998E-1
3.958750E+1	9.834158E-3	2.464295E-1	-9.601036E-2
3.970000E+1	1.033649E-2	2.866819E-1	8.835407E-2
3.981250E+1	1.058947E-2	2.765310E-1	4.217663E-2
3.992500E+1	1.197030E-2	3.357993E-1	-2.618954E-1
4.003750E+1	9.415884E-3	2.647392E-1	1.509217E-1
4.015000E+1	1.115709E-2	8.233593E-2	-2.620296E-2
4.026250E+1	1.087558E-2	2.058151E-1	1.001899E-1
4.037500E+1	8.935280E-3	1.479975E-1	-3.814428E-2
4.048750E+1	8.694241E-3	4.126928E-1	-2.553198E-1
4.060000E+1	9.607199E-3	3.831201E-1	-3.121284E-1
4.071250E+1	9.633043E-3	1.835460E-1	-1.443286E-1
4.082500E+1	1.082662E-2	4.478848E-1	-4.230514E-1
4.093750E+1	9.939756E-3	1.881615E-1	-1.406245E-1
4.105000E+1	1.170652E-2	2.231079E-1	4.846552E-2
4.116250E+1	9.948887E-3	2.174962E-1	-3.533486E-2
4.127500E+1	1.068787E-2	3.411586E-1	-3.926504E-2
4.138750E+1	1.070415E-2	1.906834E-1	-2.040588E-2
4.150000E+1	8.710192E-3	1.584775E-1	-1.523268E-1
4.161250E+1	8.389100E-3	2.863854E-1	-1.995546E-1
4.172500E+1	8.686188E-3	1.018403E-1	-6.636036E-2
4.183750E+1	7.771286E-3	3.177393E-1	-3.913403E-2
4.195000E+1	7.221154E-3	8.318579E-2	4.567762E-2
4.206250E+1	9.541265E-3	3.775418E-1	7.723176E-2
4.217500E+1	1.189800E-2	2.862291E-1	-2.491925E-2
4.228750E+1	1.033531E-2	2.223162E-1	2.213625E-2
4.240000E+1	7.877978E-3	4.662073E-1	-6.370195E-2
4.251250E+1	9.482896E-3	1.820461E-1	-5.166957E-2
4.262500E+1	8.390815E-3	3.324203E-1	-8.763000E-2
4.273750E+1	1.034281E-2	3.657045E-1	-1.703627E-1
4.285000E+1	9.260925E-3	2.309087E-1	-1.222412E-1
4.296250E+1	8.153360E-3	3.074647E-1	1.435139E-1
4.307500E+1	9.479252E-3	2.220049E-1	-1.287686E-1
4.318750E+1	8.606218E-3	8.159862E-2	5.430376E-2
4.330000E+1	8.094314E-3	2.208133E-1	5.663757E-2
4.341250E+1	7.140309E-3	1.087106E-1	4.535120E-2
4.352500E+1	1.157792E-2	2.255823E-1	2.756979E-3
4.363750E+1	8.174861E-3	3.407268E-1	-2.160290E-1
4.375000E+1	7.630588E-3	1.979595E-1	-3.428320E-2
4.386250E+1	9.579157E-3	1.572412E-1	-9.369329E-2
4.397500E+1	9.449857E-3	2.674366E-1	-2.617159E-1
4.408750E+1	7.057781E-3	5.500974E-2	4.045132E-3
4.420000E+1	7.892337E-3	2.006996E-1	3.634686E-2
4.431250E+1	8.293672E-3	2.287877E-1	-1.311644E-1
4.442500E+1	1.088224E-2	2.901348E-1	-2.844947E-2
4.453750E+1	9.083271E-3	1.866879E-1	-9.726273E-2
4.465000E+1	8.319457E-3	2.297694E-1	-6.868725E-2
4.476250E+1	7.751919E-3	2.071789E-1	-5.250784E-2
4.487500E+1	1.009150E-2	9.558900E-2	-9.545001E-2
4.498750E+1	7.882773E-3	1.484235E-1	-1.118359E-1
4.510000E+1	7.719769E-3	3.828273E-1	1.821786E-1
4.521250E+1	5.575423E-3	2.239449E-1	1.487853E-2
4.532500E+1	6.597469E-3	8.950127E-2	-3.851854E-2
4.543750E+1	7.861408E-3	2.599899E-1	-2.307909E-1
4.555000E+1	7.040522E-3	2.387230E-1	-1.114810E-1
4.566250E+1	6.130338E-3	3.196258E-2	1.866170E-2
4.577500E+1	5.613809E-3	2.070167E-2	-3.627758E-3
4.588750E+1	7.730267E-3	1.601376E-1	-1.337837E-1
4.600000E+1	7.204865E-3	3.163432E-1	2.302154E-2
4.611250E+1	6.081088E-3	9.641099E-2	-7.431444E-3
4.622500E+1	9.808904E-3	8.296549E-2	-6.521794E-4
4.633750E+1	6.180182E-3	5.602282E-2	-2.258496E-2
4.645000E+1	6.276533E-3	1.595433E-1	5.353744E-2
4.656250E+1	7.270317E-3	2.445467E-1	-1.149657E-2
4.667500E+1	9.088274E-3	1.944419E-1	-1.636448E-1
4.678750E+1	6.707021E-3	1.119362E-1	1.107202E-1
4.690000E+1	6.628520E-3	2.813352E-2	-1.549821E-2
4.701250E+1	6.481540E-3	1.953898E-1	-5.753032E-2
4.712500E+1	5.169680E-3	2.545792E-1	1.987655E-1
4.723750E+1	5.981913E-3	1.857418E-1	-1.706348E-1
4.735000E+1	5.785757E-3	2.076315E-1	-2.545454E-2
4.746250E+1	6.016250E-3	4.889281E-2	3.359159E-3
4.757500E+1	7.979248E-3	1.062026E-1	-8.029015E-2
4.768750E+1	1.018517E-2	1.173329E-1	7.333430E-2
4.780000E+1	6.292859E-3	1.409613E-1	6.675028E-2
4.791250E+1	5.817401E-3	7.481287E-2	7.479346E-2
4.802500E+1	5.608555E-3	2.677669E-1	5.383600E-2
4.813750E+1	6.049974E-3	5.047684E-2	-3.691209E-2
4.825000E+1	7.111806E-3	1.658424E-1	-4.667490E-2
4.836250E+1	7.469097E-3	1.136450E-1	-6.100068E-2
4.847500E+1	6.746687E-3	1.657879E-1	1.284998E-2
4.858750E+1	5.421561E-3	1.279752E-1	5.206681E-2
4.870000E+1	6.735958E-3	1.826974E-1	-7.283895E-2
4.881250E+1	4.956344E-3	1.437091E-1	-5.323355E-2
4.892500E+1	4.757354E-3	1.124563E-1	1.670771E-3
4.903750E+1	4.465279E-3	1.741856E-1	1.308433E-2
4.915000E+1	6.004798E-3	2.044154E-1	5.440895E-3
4.926250E+1	7.545799E-3	2.262688E-1	-9.420093E-3
4.937500E+1	5.517827E-3	1.064963E-1	-4.893194E-2
4.948750E+1	6.976847E-3	2.261425E-1	-1.248909E-1
4.960000E+1	6.177263E-3	1.410904E-1	5.923635E-2
4.971250E+1	6.061808E-3	2.173933E-1	-3.544896E-2
4.982500E+1	6.171621E-3	2.595013E-2	9.669491E-3
4.993750E+1	6.686451E-3	1.895419E-1	6.538895E-2
5.005000E+1	6.057821E-3	2.016953E-1	-6.048266E-2
5.016250E+1	6.462356E-3	1.522137E-1	-5.650540E-2
5.027500E+1	4.790858E-3	1.310253E-1	-9.893136E-2
5.038750E+1	4.982848E-3	1.666132E-1	-9.954921E-2
5.050000E+1	5.998867E-3	1.203431E-1	9.874729E-2
5.061250E+1	5.256324E-3	8.605547E-2	-2.401697E-3
5.072500E+1	7.012744E-3	1.064666E-1	1.021525E-1
5.083750E+1	4.939968E-3	1.733040E-1	-4.569311E-2
5.095000E+1	5.010551E-3	6.525826E-2	1.915064E-3
5.106250E+1	4.924840E-3	1.505128E-1	3.540398E-2
5.117500E+1	6.399462E-3	1.326369E-1	-4.963532E-2
5.128750E+1	4.849180E-3	5.786612E-2	1.040346E-2
5.140000E+1	5.624061E-3	5.630976E-2	3.819342E-2
5.151250E+1	4.700417E-3	2.277629E-3	2.029632E-3
5.162500E+1	5.013654E-3	1.496510E-1	-2.523786E-2
5.173750E+1	5.518053E-3	6.696519E-2	-2.855425E-3
5.185000E+1	7.700537E-3	1.280378E-1	-7.758328E-2
5.196250E+1	4.964602E-3	1.259668E-1	6.613258E-2
5.207500E+1	5.178872E-3	1.228323E-1	-5.672402E-2
5.218750E+1	5.130330E-3	1.838563E-1	-2.462156E-3
5.230000E+1	5.762014E-3	1.150632E-1	-1.058464E-1
5.241250E+1	6.843998E-3	6.129508E-2	3.500824E-2
5.252500E+1	6.106440E-3	1.313022E-1	-5.985125E-2
5.263750E+1	5.794273E-3	8.362824E-2	-3.430600E-2
5.275000E+1	5.104091E-3	1.000465E-1	3.175862E-2
5.286250E+1	5.126040E-3	1.857286E-1	6.943236E-3
5.297500E+1	5.971664E-3	1.932245E-1	-2.921834E-2
5.308750E+1	4.761571E-3	1.673404E-1	-7.848497E-2
5.320000E+1	4.839166E-3	1.211321E-1	-4.675531E-2
5.331250E+1	4.944533E-3	1.446706E-1	-5.153179E-2
5.342500E+1	4.503668E-3	1.301360E-1	-1.053883E-1
5.353750E+1	5.345717E-3	7.024781E-2	4.743871E-2
5.365000E+1	5.740087E-3	1.232567E-1	-2.081311E-2
5.376250E+1	5.561014E-3	8.843143E-2	-7.658796E-2
5.387500E+1	5.760193E-3	3.507132E-2	-2.672054E-2
5.398750E+1	5.099165E-3	1.757775E-1	-6.392486E-2
5.410000E+1	4.164523E-3	6.582858E-2	2.908099E-3
5.421250E+1	4.918228E-3	6.311824E-2	-5.567052E-2
5.432500E+1	4.664803E-3	2.776675E-1	1.122057E-1
5.443750E+1	5.405548E-3	2.222860E-1	4.919085E-3
5.455000E+1	5.288942E-3	1.358815E-2	-1.127562E-2
5.466250E+1	5.548820E-3	3.115252E-1	-1.610785E-1
5.477500E+1	3.634891E-3	1.630599E-1	2.662000E-2
5.488750E+1	4.118231E-3	1.617831E-1	-8.636589E-2
5.500000E+1	5.035332E-3	2.410907E-1	-2.244627E-1
