Freq (Hz)	PSD/Measured Spectrum: Power CH2 (Vrms/rtHz)	Freq Response Module (Vrms)	Freq Response Im part (Unitless Power)
1.000000E+1	1.551601E-2	2.884151E-1	1.587155E-1
1.011250E+1	1.733295E-2	5.253317E-1	-5.162884E-1
1.022500E+1	1.945575E-2	8.193741E-1	-8.003097E-1
1.033750E+1	1.874591E-2	7.102578E-1	-5.758875E-1
1.045000E+1	2.063138E-2	8.156084E-1	-7.671845E-2
1.056250E+1	1.630258E-2	3.748463E-1	-1.952632E-1
1.067500E+1	2.627711E-2	1.008728E+0	-6.165048E-1
1.078750E+1	2.130618E-2	3.495155E-1	-3.198274E-1
1.090000E+1	2.057432E-2	5.101443E-1	-5.070357E-1
1.101250E+1	2.554092E-2	5.656461E-1	-4.225861E-1
1.112500E+1	2.152298E-2	6.125324E-1	-5.312230E-1
1.123750E+1	2.288365E-2	5.398828E-1	-3.086682E-1
1.135000E+1	2.447026E-2	6.578779E-1	-3.373625E-1
1.146250E+1	2.265195E-2	5.307556E-1	4.703040E-2
1.157500E+1	2.231198E-2	6.262856E-1	-5.439029E-1
1.168750E+1	2.164870E-2	4.511217E-1	-6.882225E-2
1.180000E+1	1.899158E-2	2.409435E-1	-2.408971E-1
1.191250E+1	2.127871E-2	1.388554E-1	-1.091498E-1
1.202500E+1	2.002810E-2	5.060583E-1	-4.843333E-1
1.213750E+1	2.381250E-2	6.380790E-1	-6.047046E-1
1.225000E+1	2.040315E-2	4.087161E-1	-3.300067E-1
1.236250E+1	1.807957E-2	6.040283E-1	-5.349306E-1
1.247500E+1	1.741682E-2	4.894808E-1	-2.855550E-1
1.258750E+1	1.714940E-2	5.700584E-1	-4.800764E-1
1.270000E+1	2.240339E-2	4.936808E-1	-2.300175E-1
1.281250E+1	2.391773E-2	5.888909E-1	-4.712398E-1
1.292500E+1	1.808156E-2	6.126665E-1	-4.315732E-1
1.303750E+1	1.868003E-2	5.265202E-1	7.186671E-2
1.315000E+1	2.326362E-2	8.216101E-2	-5.907908E-2
1.326250E+1	2.266300E-2	3.374755E-1	-6.906272E-2
1.337500E+1	1.795840E-2	5.097013E-1	-2.440668E-1
1.348750E+1	2.070070E-2	6.432512E-1	-4.534883E-1
1.360000E+1	1.631567E-2	3.070781E-1	-2.201650E-1
1.371250E+1	2.038432E-2	5.959236E-1	-5.514134E-1
1.382500E+1	1.684350E-2	3.205433E-1	-3.006643E-1
1.393750E+1	2.119143E-2	6.300495E-1	-3.450533E-1
1.405000E+1	2.151748E-2	3.507471E-1	-3.118591E-1
1.416250E+1	3.001423E-2	2.805759E-1	-1.657148E-1
1.427500E+1	2.129049E-2	5.613148E-1	-5.148048E-1
1.438750E+1	2.258530E-2	2.460564E-1	-1.803824E-1
1.450000E+1	2.133380E-2	5.329299E-1	-1.752258E-1
1.461250E+1	2.417099E-2	6.717073E-1	-3.322592E-1
1.472500E+1	2.442252E-2	7.571049E-1	1.821763E-1
1.483750E+1	2.156382E-2	2.268905E-1	-2.258347E-1
1.495000E+1	2.633775E-2	5.263842E-1	-5.141097E-1
1.506250E+1	2.466535E-2	1.956056E-1	1.840512E-2
1.517500E+1	2.210299E-2	2.758822E-1	-2.486369E-1
1.528750E+1	2.116405E-2	3.885762E-1	-3.460240E-1
1.540000E+1	2.094223E-2	7.156664E-1	-7.015435E-1
1.551250E+1	2.869150E-2	4.175617E-1	7.871461E-3
1.562500E+1	2.162860E-2	3.231645E-1	-2.460477E-1
1.573750E+1	2.568731E-2	4.899198E-1	-4.895212E-1
1.585000E+1	2.389638E-2	5.963672E-1	-5.254928E-1
1.596250E+1	2.119033E-2	2.566983E-1	-1.666387E-1
1.607500E+1	2.518474E-2	7.902846E-1	-1.094421E-1
1.618750E+1	2.282172E-2	9.468967E-2	-6.005592E-2
1.630000E+1	2.551248E-2	6.927742E-1	-9.640218E-2
1.641250E+1	3.022306E-2	5.792949E-1	-1.090136E-2
1.652500E+1	2.367978E-2	6.775046E-1	-6.689578E-1
1.663750E+1	2.392206E-2	1.826221E-2	-1.818408E-2
1.675000E+1	2.514274E-2	4.274685E-1	-3.081323E-1
1.686250E+1	2.326179E-2	6.198528E-1	-6.178661E-1
1.697500E+1	2.677367E-2	5.308384E-1	-3.231100E-1
1.708750E+1	2.394938E-2	5.021446E-1	-2.193692E-1
1.720000E+1	2.201818E-2	5.629662E-1	-4.043874E-1
1.731250E+1	2.777256E-2	4.746157E-1	-3.393993E-1
1.742500E+1	2.831075E-2	5.232843E-1	-4.875048E-1
1.753750E+1	2.364115E-2	7.131313E-1	-5.126410E-1
1.765000E+1	2.556713E-2	6.756507E-1	-6.520577E-1
1.776250E+1	2.614743E-2	2.197797E-1	1.469092E-1
1.787500E+1	2.352856E-2	5.929202E-1	-5.149430E-1
1.798750E+1	2.176623E-2	5.553212E-1	-5.536844E-1
1.810000E+1	3.009816E-2	8.568333E-1	-6.593881E-1
1.821250E+1	2.498787E-2	8.596963E-1	-3.402438E-1
1.832500E+1	2.923148E-2	6.705527E-1	-1.780208E-1
1.843750E+1	2.391379E-2	8.873545E-1	-5.610756E-1
1.855000E+1	2.072066E-2	6.520930E-1	-6.482575E-1
1.866250E+1	2.716664E-2	1.727709E-1	-1.675037E-1
1.877500E+1	2.847207E-2	3.122567E-1	-9.755741E-2
1.888750E+1	2.948740E-2	4.716572E-1	-3.475076E-1
1.900000E+1	2.136679E-2	4.391979E-1	-3.447806E-1
1.911250E+1	2.850426E-2	1.166339E+0	-7.945350E-1
1.922500E+1	2.319635E-2	2.201071E-1	-2.089211E-1
1.933750E+1	2.620904E-2	5.007744E-1	-3.830284E-1
1.945000E+1	2.724168E-2	6.092002E-1	-5.044002E-1
1.956250E+1	3.201770E-2	1.154260E+0	-6.878608E-1
1.967500E+1	2.685713E-2	8.484014E-1	-6.622190E-1
1.978750E+1	2.392718E-2	1.246575E+0	-1.197377E+0
1.990000E+1	2.562492E-2	6.270158E-1	-5.641671E-1
2.001250E+1	2.530196E-2	7.021462E-1	-6.822366E-1
2.012500E+1	2.668731E-2	6.611253E-1	-5.035649E-1
2.023750E+1	3.317738E-2	7.671852E-1	-7.323606E-1
2.035000E+1	3.328363E-2	2.448977E-1	-2.054877E-1
2.046250E+1	2.081990E-2	5.143852E-1	5.103481E-1
2.057500E+1	2.544483E-2	4.800684E-1	-4.621884E-1
2.068750E+1	2.612014E-2	5.142244E-1	-6.898238E-2
2.080000E+1	2.484963E-2	4.794753E-1	-4.372257E-1
2.091250E+1	2.559220E-2	7.090517E-1	-7.089477E-1
2.102500E+1	2.750148E-2	8.089738E-1	-4.615828E-1
2.113750E+1	1.875334E-2	4.603025E-1	-2.573201E-1
2.125000E+1	2.060743E-2	2.849422E-1	-2.781346E-1
2.136250E+1	2.760679E-2	3.118775E-1	-2.085025E-1
2.147500E+1	2.650877E-2	8.757102E-1	-7.292094E-1
2.158750E+1	2.273546E-2	4.300140E-1	-4.093137E-1
2.170000E+1	3.275067E-2	3.673940E-1	3.671833E-1
2.181250E+1	2.737064E-2	3.179004E-1	-2.829827E-1
2.192500E+1	2.298252E-2	8.740400E-1	-8.391644E-1
2.203750E+1	2.711605E-2	8.189014E-1	-6.309366E-1
2.215000E+1	2.850455E-2	6.166844E-1	-4.584723E-1
2.226250E+1	2.519514E-2	4.646427E-1	-1.814155E-2
2.237500E+1	2.077281E-2	2.792146E-1	-1.719605E-1
2.248750E+1	2.813315E-2	5.479961E-1	-2.211682E-1
2.260000E+1	2.368361E-2	5.082828E-1	-4.470454E-1
2.271250E+1	2.307153E-2	5.193210E-1	-5.157276E-1
2.282500E+1	3.083995E-2	1.884357E-1	-1.848076E-1
2.293750E+1	2.441914E-2	7.734945E-1	-6.546653E-1
2.305000E+1	2.437110E-2	7.521760E-1	-1.346608E-1
2.316250E+1	3.097610E-2	3.977454E-1	-3.526651E-1
2.327500E+1	2.870199E-2	3.604455E-1	-2.339704E-1
2.338750E+1	3.255436E-2	7.640917E-1	-4.610256E-1
2.350000E+1	2.649820E-2	1.037538E+0	-8.389812E-1
2.361250E+1	2.966106E-2	6.624223E-1	-6.563013E-1
2.372500E+1	2.693860E-2	8.526772E-1	-6.148357E-1
2.383750E+1	2.612588E-2	7.681853E-1	-7.577052E-1
2.395000E+1	3.437048E-2	9.539106E-1	-8.366618E-1
2.406250E+1	2.907475E-2	4.454662E-1	-3.495101E-1
2.417500E+1	2.756159E-2	7.242754E-1	-6.765240E-1
2.428750E+1	2.585276E-2	8.433258E-2	-8.211634E-2
2.440000E+1	2.470156E-2	2.794284E-1	-2.692797E-1
2.451250E+1	2.530614E-2	4.694903E-1	-4.694599E-1
2.462500E+1	2.837246E-2	3.609580E-1	-2.686889E-1
2.473750E+1	2.500304E-2	5.525754E-1	-1.267896E-1
2.485000E+1	2.645748E-2	1.203041E-1	1.172940E-1
2.496250E+1	2.276991E-2	3.925995E-1	-3.778327E-1
2.507500E+1	3.004974E-2	1.002232E+0	-9.927377E-1
2.518750E+1	2.785971E-2	8.439742E-1	-8.147628E-1
2.530000E+1	2.188975E-2	7.061713E-1	-5.929489E-1
2.541250E+1	2.655322E-2	7.724314E-1	-7.006570E-1
2.552500E+1	2.451633E-2	3.465557E-1	-3.000038E-1
2.563750E+1	2.415258E-2	2.469732E-1	-7.362788E-2
2.575000E+1	2.943476E-2	1.921676E-1	-1.823862E-1
2.586250E+1	2.414053E-2	1.285601E+0	-1.215995E+0
2.597500E+1	2.669651E-2	7.534615E-1	-7.306345E-1
2.608750E+1	2.217594E-2	5.584290E-1	-5.558139E-1
2.620000E+1	2.283489E-2	4.796355E-1	-4.563604E-1
2.631250E+1	2.714246E-2	4.995779E-2	-1.162153E-2
2.642500E+1	2.158257E-2	3.757671E-1	-3.622512E-1
2.653750E+1	2.450632E-2	6.066144E-1	-5.796675E-1
2.665000E+1	2.502497E-2	7.299381E-1	-4.803336E-1
2.676250E+1	1.926170E-2	4.703265E-1	-4.648799E-1
2.687500E+1	2.675642E-2	4.117914E-1	-4.115639E-1
2.698750E+1	2.754482E-2	4.630620E-1	-4.351902E-1
2.710000E+1	2.556278E-2	7.684622E-1	-6.547942E-1
2.721250E+1	2.844094E-2	7.067337E-1	-6.953113E-1
2.732500E+1	2.216688E-2	8.603278E-1	-8.597598E-1
2.743750E+1	2.148421E-2	4.219378E-1	-4.165365E-1
2.755000E+1	2.782858E-2	7.009268E-1	-6.996073E-1
2.766250E+1	2.005782E-2	3.771262E-1	-5.560157E-2
2.777500E+1	2.247234E-2	7.711596E-1	-7.113767E-1
2.788750E+1	2.386494E-2	2.636841E-1	-2.427653E-1
2.800000E+1	2.377150E-2	6.050354E-1	-5.578246E-1
2.811250E+1	2.687057E-2	3.172773E-1	-3.106412E-1
2.822500E+1	2.484552E-2	6.880306E-1	-6.849054E-1
2.833750E+1	2.415921E-2	8.418901E-1	-7.906162E-1
2.845000E+1	1.873343E-2	5.771522E-1	-5.717574E-1
2.856250E+1	1.966765E-2	1.953160E-1	-1.355365E-1
2.867500E+1	2.257179E-2	6.717307E-1	-4.999696E-1
2.878750E+1	2.022575E-2	3.965045E-1	-2.685016E-1
2.890000E+1	2.194768E-2	1.868803E-1	-1.741638E-1
2.901250E+1	1.884745E-2	8.284455E-1	-5.674263E-1
2.912500E+1	2.554805E-2	4.653966E-1	-4.265133E-1
2.923750E+1	2.806784E-2	7.136934E-1	-7.054055E-1
2.935000E+1	2.413478E-2	4.210356E-1	-4.034517E-1
2.946250E+1	2.154729E-2	6.373743E-1	-5.699768E-1
2.957500E+1	2.051567E-2	5.778053E-1	-3.178154E-1
2.968750E+1	2.140767E-2	1.885953E-1	-1.881127E-1
2.980000E+1	1.540092E-2	3.862014E-1	-3.837296E-1
2.991250E+1	2.452526E-2	8.873641E-1	-5.992219E-1
3.002500E+1	1.886313E-2	3.070501E-1	-3.028681E-1
3.013750E+1	2.059545E-2	6.815353E-1	-6.619748E-1
3.025000E+1	2.555081E-2	6.442342E-1	-5.806491E-1
3.036250E+1	2.012379E-2	5.764537E-1	-5.763890E-1
3.047500E+1	1.987614E-2	2.224025E-1	-1.508305E-1
3.058750E+1	1.776046E-2	2.926279E-1	-2.711962E-1
3.070000E+1	2.099610E-2	7.827973E-1	-5.905220E-1
3.081250E+1	2.010384E-2	6.361277E-2	6.931901E-3
3.092500E+1	2.002684E-2	6.767745E-1	-6.514717E-1
3.103750E+1	2.332073E-2	2.811755E-1	-1.228346E-1
3.115000E+1	2.196385E-2	4.100864E-1	-3.492050E-1
3.126250E+1	1.926165E-2	6.855912E-1	-6.844023E-1
3.137500E+1	1.865278E-2	5.440737E-1	-4.865525E-1
3.148750E+1	1.854546E-2	1.941831E-1	1.558452E-1
3.160000E+1	2.001944E-2	2.622541E-1	-2.356119E-1
3.171250E+1	1.801837E-2	6.390674E-2	4.923447E-2
3.182500E+1	1.789988E-2	1.582983E-1	-1.382735E-2
3.193750E+1	1.893045E-2	6.264293E-1	-5.885046E-1
3.205000E+1	1.539005E-2	4.191654E-1	1.223357E-3
3.216250E+1	1.829732E-2	5.432115E-1	-4.918531E-1
3.227500E+1	1.898672E-2	5.820557E-1	-5.535815E-1
3.238750E+1	1.371369E-2	3.283063E-1	-1.857236E-1
3.250000E+1	1.827175E-2	6.498032E-1	-6.382364E-1
3.261250E+1	1.867405E-2	3.902672E-1	-2.527464E-1
3.272500E+1	1.986916E-2	1.023039E-1	-9.155665E-2
3.283750E+1	1.433821E-2	1.371904E-1	-1.367004E-1
3.295000E+1	2.011434E-2	2.769774E-1	-1.081721E-1
3.306250E+1	1.349245E-2	5.697299E-1	-4.123373E-1
3.317500E+1	1.793794E-2	4.522817E-1	-4.189345E-1
3.328750E+1	1.980129E-2	5.117985E-1	-4.674129E-1
3.340000E+1	1.332637E-2	5.218242E-1	-5.085108E-1
3.351250E+1	1.428697E-2	2.759253E-1	-1.675467E-1
3.362500E+1	1.650893E-2	4.014567E-1	-1.042749E-1
3.373750E+1	1.596242E-2	4.924627E-1	-4.531818E-1
3.385000E+1	1.981970E-2	5.805059E-1	-5.354631E-1
3.396250E+1	1.730228E-2	4.770724E-1	-4.436263E-1
3.407500E+1	1.596805E-2	3.993159E-1	-2.685100E-1
3.418750E+1	1.474028E-2	2.884168E-1	1.046566E-1
3.430000E+1	1.552578E-2	4.370947E-1	-2.871883E-1
3.441250E+1	1.734345E-2	3.388610E-1	-1.925083E-1
3.452500E+1	1.532436E-2	2.438208E-1	1.551989E-1
3.463750E+1	1.442073E-2	3.594277E-1	-1.094878E-1
3.475000E+1	1.853731E-2	2.773741E-1	-1.189183E-1
3.486250E+1	1.726984E-2	3.985960E-1	-3.451329E-1
3.497500E+1	1.293875E-2	3.715666E-1	-1.516725E-1
3.508750E+1	1.501518E-2	3.800121E-1	-2.398937E-1
3.520000E+1	1.745118E-2	8.633441E-1	9.552114E-2
3.531250E+1	1.500859E-2	3.269766E-1	-2.236737E-1
3.542500E+1	1.465052E-2	5.040290E-1	-4.832073E-1
3.553750E+1	1.223618E-2	3.190357E-1	1.420330E-1
3.565000E+1	1.544954E-2	4.613931E-1	-3.114380E-1
3.576250E+1	1.498224E-2	6.033590E-1	-3.900609E-1
3.587500E+1	1.695767E-2	4.501702E-1	-3.804231E-1
3.598750E+1	1.302071E-2	3.963675E-1	-2.956401E-1
3.610000E+1	1.480750E-2	4.616004E-1	-4.271732E-1
3.621250E+1	1.399698E-2	1.240465E-1	-4.897343E-2
3.632500E+1	1.344876E-2	2.653909E-1	-7.615342E-2
3.643750E+1	1.265054E-2	5.144444E-1	-2.976068E-1
3.655000E+1	1.551551E-2	4.318943E-1	-1.668474E-1
3.666250E+1	1.563361E-2	2.669959E-1	-1.145030E-2
3.677500E+1	1.502947E-2	1.903702E-1	1.108128E-1
3.688750E+1	1.439438E-2	3.722818E-1	-1.258317E-1
3.700000E+1	1.318200E-2	1.587599E-1	-1.083708E-1
3.711250E+1	1.628169E-2	4.575202E-2	-4.118549E-2
3.722500E+1	1.280047E-2	4.338744E-1	-3.383572E-1
3.733750E+1	1.298342E-2	1.228053E-1	-9.440733E-2
3.745000E+1	1.077606E-2	2.245155E-1	-1.696363E-1
3.756250E+1	1.307266E-2	3.960039E-1	-2.407545E-1
3.767500E+1	1.010080E-2	2.727806E-1	-4.799861E-2
3.778750E+1	1.258866E-2	3.621221E-1	-1.217379E-1
3.790000E+1	1.138732E-2	3.136720E-1	2.363658E-1
3.801250E+1	1.133987E-2	3.524417E-1	-2.401344E-2
3.812500E+1	1.297239E-2	4.065107E-1	-1.480309E-1
3.823750E+1	1.471195E-2	3.044788E-1	-1.955116E-1
3.835000E+1	1.159531E-2	2.127473E-1	-9.097275E-2
3.846250E+1	1.067643E-2	3.431124E-1	-1.621644E-1
3.857500E+1	1.057696E-2	3.034199E-1	-8.714175E-2
3.868750E+1	1.039816E-2	3.346014E-1	-9.647328E-2
3.880000E+1	1.164919E-2	2.464882E-1	-1.304805E-1
3.891250E+1	1.286439E-2	2.487004E-1	-1.522035E-2
3.902500E+1	1.204235E-2	1.934950E-1	-1.772282E-1
3.913750E+1	1.290753E-2	1.018924E-1	5.535802E-2
3.925000E+1	1.169026E-2	2.288480E-1	-2.061307E-1
3.936250E+1	1.047030E-2	2.653112E-1	-7.697136E-2
3.947500E+1	1.037857E-2	1.523926E-1	-1.486643E-1
3.958750E+1	1.141761E-2	2.329439E-1	-1.245087E-1
3.970000E+1	1.039253E-2	2.947078E-1	-1.229952E-1
3.981250E+1	1.275063E-2	3.065077E-1	-9.795257E-2
3.992500E+1	1.178965E-2	4.940771E-1	-1.387430E-1
4.003750E+1	1.235582E-2	2.911590E-1	-1.868673E-1
4.015000E+1	9.738111E-3	4.008764E-1	1.125562E-1
4.026250E+1	8.781634E-3	2.603941E-1	-2.995352E-2
4.037500E+1	1.130668E-2	3.309803E-1	-6.276948E-2
4.048750E+1	1.034856E-2	2.036166E-1	-6.042678E-2
4.060000E+1	1.148826E-2	2.316035E-1	-1.620642E-1
4.071250E+1	1.003645E-2	1.812136E-1	-1.713332E-1
4.082500E+1	9.050585E-3	3.384764E-1	-2.702618E-1
4.093750E+1	9.435486E-3	2.546003E-1	-2.733764E-2
4.105000E+1	9.450897E-3	1.051125E-1	-8.394484E-2
4.116250E+1	9.817486E-3	2.737685E-1	-2.269630E-1
4.127500E+1	1.049016E-2	1.620326E-1	3.452754E-3
4.138750E+1	1.164293E-2	1.677880E-1	-1.663203E-1
4.150000E+1	7.695220E-3	1.303773E-1	9.532627E-3
4.161250E+1	9.724780E-3	1.094601E-1	-6.797668E-3
4.172500E+1	9.176627E-3	2.650829E-1	-8.094248E-2
4.183750E+1	8.042250E-3	1.541265E-1	-6.728429E-2
4.195000E+1	1.168059E-2	3.154626E-1	-2.126752E-1
4.206250E+1	9.673828E-3	3.429276E-1	-6.016556E-2
4.217500E+1	8.469376E-3	2.838974E-1	-1.701713E-1
4.228750E+1	9.213346E-3	1.952068E-1	-1.702466E-1
4.240000E+1	7.858832E-3	2.157428E-1	-5.024612E-2
4.251250E+1	1.001005E-2	2.482141E-1	-6.852973E-2
4.262500E+1	9.601559E-3	2.122688E-1	1.074174E-1
4.273750E+1	8.827711E-3	1.524596E-1	-1.044016E-2
4.285000E+1	1.034776E-2	2.243807E-1	1.623874E-1
4.296250E+1	1.083878E-2	2.502271E-1	-2.242468E-1
4.307500E+1	8.961879E-3	3.028922E-1	-2.236181E-1
4.318750E+1	9.715477E-3	2.313870E-1	3.025544E-2
4.330000E+1	9.784267E-3	2.155678E-1	-2.616188E-2
4.341250E+1	8.312973E-3	2.411355E-1	-1.085009E-1
4.352500E+1	8.223353E-3	1.209975E-1	1.209603E-1
4.363750E+1	7.762200E-3	1.291019E-1	-1.170089E-1
4.375000E+1	9.463010E-3	2.038159E-1	-1.298776E-1
4.386250E+1	8.142272E-3	3.744414E-1	-2.560105E-1
4.397500E+1	1.034462E-2	1.107722E-1	-5.768400E-2
4.408750E+1	8.335626E-3	2.739129E-1	-1.088309E-1
4.420000E+1	7.133089E-3	1.323859E-1	-7.860142E-2
4.431250E+1	7.024671E-3	2.393300E-1	-1.510447E-1
4.442500E+1	8.534849E-3	1.447283E-1	-3.663325E-2
4.453750E+1	6.853544E-3	2.352249E-1	-7.423861E-2
4.465000E+1	8.828710E-3	6.576646E-2	-2.955152E-2
4.476250E+1	8.441769E-3	1.923587E-1	-1.153640E-1
4.487500E+1	9.194607E-3	1.734812E-1	6.107344E-2
4.498750E+1	8.024086E-3	1.901740E-1	-1.201172E-1
4.510000E+1	7.648076E-3	2.898430E-1	-1.394050E-1
4.521250E+1	9.166215E-3	2.259739E-1	8.394098E-2
4.532500E+1	9.647673E-3	2.498887E-1	-1.934056E-1
4.543750E+1	7.046679E-3	1.961104E-1	1.009902E-1
4.555000E+1	6.916145E-3	1.652039E-1	-1.389895E-1
4.566250E+1	7.390182E-3	1.730032E-1	-1.286024E-1
4.577500E+1	8.894033E-3	3.110015E-1	2.094256E-1
4.588750E+1	6.221263E-3	6.811137E-2	-6.802437E-2
4.600000E+1	9.605068E-3	2.553385E-1	2.914448E-3
4.611250E+1	7.274535E-3	1.629739E-1	9.627830E-2
4.622500E+1	8.348869E-3	2.239606E-1	1.614083E-1
4.633750E+1	6.433364E-3	1.189064E-1	4.462509E-3
4.645000E+1	7.606285E-3	7.298874E-2	-5.866999E-3
4.656250E+1	7.882439E-3	2.238894E-1	-4.879938E-2
4.667500E+1	6.308150E-3	1.411367E-1	-9.570730E-2
4.678750E+1	8.688668E-3	1.430920E-1	9.399212E-2
4.690000E+1	6.890527E-3	2.419887E-1	-4.119257E-3
4.701250E+1	9.073029E-3	2.700955E-1	-1.276210E-1
4.712500E+1	7.966418E-3	2.196662E-1	6.828542E-2
4.723750E+1	7.376404E-3	1.392732E-1	3.809818E-2
4.735000E+1	6.497693E-3	4.657358E-2	-4.218615E-2
4.746250E+1	9.176893E-3	5.752778E-2	2.001772E-4
4.757500E+1	7.077289E-3	2.105719E-1	1.915944E-2
4.768750E+1	6.544216E-3	1.185852E-1	1.711620E-2
4.780000E+1	7.341812E-3	1.169620E-1	-7.660980E-2
4.791250E+1	6.458655E-3	1.655834E-1	4.572066E-2
4.802500E+1	7.115300E-3	1.612565E-1	-9.271728E-2
4.813750E+1	5.080959E-3	2.771146E-1	-9.274200E-2
4.825000E+1	7.522137E-3	1.318185E-1	7.812756E-2
4.836250E+1	6.951111E-3	5.263842E-2	-2.540359E-2
4.847500E+1	5.729210E-3	1.512272E-1	2.864161E-2
4.858750E+1	6.344989E-3	5.633624E-2	-2.602949E-2
4.870000E+1	6.058912E-3	1.390641E-1	-4.320284E-3
4.881250E+1	7.016565E-3	8.565293E-2	-4.523237E-2
4.892500E+1	5.726443E-3	1.241069E-1	-4.486132E-2
4.903750E+1	6.521938E-3	1.296200E-1	3.052329E-2
4.915000E+1	6.570818E-3	9.880526E-2	4.542239E-3
4.926250E+1	5.941146E-3	1.228379E-1	-6.124947E-2
4.937500E+1	5.780806E-3	1.280815E-1	1.614599E-2
4.948750E+1	7.288164E-3	1.984192E-1	-8.429059E-2
4.960000E+1	5.801720E-3	1.678619E-1	-1.001213E-1
4.971250E+1	7.206674E-3	1.994805E-1	1.569591E-1
4.982500E+1	7.312716E-3	1.251058E-1	-3.830992E-2
4.993750E+1	7.393384E-3	1.184232E-1	4.989694E-2
5.005000E+1	7.388584E-3	2.350936E-1	-1.832175E-1
5.016250E+1	6.974638E-3	8.414607E-2	6.096963E-2
5.027500E+1	7.123955E-3	1.050419E-1	-1.732274E-2
5.038750E+1	7.023378E-3	1.778613E-1	-9.797591E-2
5.050000E+1	6.890481E-3	3.537969E-2	-2.404434E-2
5.061250E+1	7.424906E-3	1.097518E-1	-8.710758E-2
5.072500E+1	6.063225E-3	7.518438E-2	-2.400751E-2
5.083750E+1	6.709054E-3	6.532306E-2	-3.116861E-2
5.095000E+1	6.732457E-3	1.975521E-1	1.771356E-2
5.106250E+1	5.521540E-3	8.191559E-2	2.438938E-3
5.117500E+1	7.717812E-3	1.766727E-1	6.486925E-2
5.128750E+1	5.879243E-3	1.474634E-1	9.820466E-2
5.140000E+1	7.552107E-3	2.265203E-1	-5.954867E-2
5.151250E+1	6.441619E-3	1.445708E-1	-1.191524E-1
5.162500E+1	4.884842E-3	1.374164E-1	-1.363112E-1
5.173750E+1	5.126741E-3	1.641644E-1	2.193261E-2
5.185000E+1	6.088422E-3	1.555066E-1	-1.935804E-2
5.196250E+1	6.395745E-3	2.555469E-1	2.243227E-1
5.207500E+1	5.092995E-3	1.103068E-1	-9.962253E-2
5.218750E+1	6.563223E-3	1.074070E-1	-3.449368E-2
5.230000E+1	5.492651E-3	2.256005E-2	7.367086E-4
5.241250E+1	5.732718E-3	8.319800E-2	3.644101E-2
5.252500E+1	6.315177E-3	2.140957E-1	1.277540E-1
5.263750E+1	5.406821E-3	1.007176E-1	-4.066873E-2
5.275000E+1	5.441775E-3	1.167660E-1	-2.605001E-2
5.286250E+1	6.247511E-3	1.182168E-1	3.986291E-2
5.297500E+1	7.336116E-3	1.130386E-1	-2.734750E-2
5.308750E+1	6.811826E-3	1.599811E-1	3.581434E-2
5.320000E+1	6.304655E-3	1.039595E-1	3.803862E-2
5.331250E+1	4.821916E-3	1.579221E-1	1.363868E-2
5.342500E+1	5.168712E-3	1.831399E-1	-3.951473E-2
5.353750E+1	6.729716E-3	9.604942E-2	-8.755258E-2
5.365000E+1	5.478704E-3	1.152581E-1	1.338808E-2
5.376250E+1	6.073849E-3	1.205970E-1	-1.054126E-2
5.387500E+1	6.599863E-3	1.440629E-1	4.354996E-2
5.398750E+1	5.294560E-3	1.355265E-1	-5.698220E-2
5.410000E+1	6.410579E-3	1.570628E-1	-7.516562E-2
5.421250E+1	6.924561E-3	1.255113E-1	2.130938E-2
5.432500E+1	7.289667E-3	1.001109E-1	9.939252E-2
5.443750E+1	4.793655E-3	1.431714E-1	-1.082784E-1
5.455000E+1	4.777721E-3	1.067072E-1	4.967027E-2
5.466250E+1	6.413223E-3	8.965760E-2	6.165889E-2
5.477500E+1	6.447194E-3	1.144634E-1	-5.125623E-2
5.488750E+1	6.890796E-3	5.506931E-2	5.506222E-2
5.500000E+1	5.723153E-3	7.103798E-2	2.476944E-2
