Freq (Hz)	PSD/Measured Spectrum: Power CH2 (Vrms/rtHz)	Freq Response Module (Vrms)	Freq Response Im part (Unitless Power)
1.000000E+1	1.583956E-2	2.782710E+0	-1.599747E+0
1.011250E+1	1.586871E-2	1.815550E+0	-7.427092E-1
1.022500E+1	1.708851E-2	1.150849E+0	-1.108293E+0
1.033750E+1	2.078702E-2	1.973209E+0	-1.305096E+0
1.045000E+1	1.526856E-2	1.330257E+0	-7.208853E-1
1.056250E+1	1.958508E-2	1.446419E+0	-1.096398E+0
1.067500E+1	1.937858E-2	1.684271E+0	-1.279661E+0
1.078750E+1	1.565544E-2	1.431794E+0	-7.391218E-1
1.090000E+1	2.030679E-2	1.704622E+0	-1.130408E+0
1.101250E+1	2.033464E-2	1.590330E+0	-5.342028E-1
1.112500E+1	1.813812E-2	8.499033E-1	-6.354283E-1
1.123750E+1	1.797621E-2	9.962683E-1	-6.737201E-1
1.135000E+1	1.469718E-2	1.392391E+0	-1.061869E+0
1.146250E+1	1.624603E-2	1.057193E+0	-8.475354E-1
1.157500E+1	1.792863E-2	1.368035E+0	-7.729989E-1
1.168750E+1	1.955924E-2	1.174872E+0	-8.227141E-1
1.180000E+1	2.157611E-2	1.214508E+0	-5.297776E-1
1.191250E+1	1.898033E-2	1.358333E+0	-8.895817E-1
1.202500E+1	1.772033E-2	1.284855E+0	-6.368213E-1
1.213750E+1	2.131273E-2	1.024246E+0	-6.599957E-1
1.225000E+1	1.735306E-2	1.040039E+0	-2.843135E-1
1.236250E+1	1.755275E-2	1.524549E+0	-1.201286E+0
1.247500E+1	2.020157E-2	2.563947E+0	-1.160362E+0
1.258750E+1	2.031651E-2	7.600847E-1	-6.014338E-2
1.270000E+1	1.631664E-2	1.375903E+0	-7.297455E-1
1.281250E+1	2.006294E-2	1.637303E+0	-1.147683E+0
1.292500E+1	2.687633E-2	1.293768E+0	-4.100066E-1
1.303750E+1	1.807165E-2	1.612219E+0	-9.224027E-1
1.315000E+1	2.043064E-2	1.388637E+0	-1.138999E+0
1.326250E+1	2.218769E-2	1.302960E+0	-4.412204E-1
1.337500E+1	2.184959E-2	1.420443E+0	-1.167177E+0
1.348750E+1	1.961226E-2	1.938302E+0	-1.475164E+0
1.360000E+1	1.753309E-2	1.986955E+0	-1.102173E+0
1.371250E+1	1.995644E-2	2.023568E+0	-3.163895E-1
1.382500E+1	2.028944E-2	1.284700E+0	8.617024E-2
1.393750E+1	2.598295E-2	7.503315E-1	-6.842899E-1
1.405000E+1	2.376861E-2	1.597872E+0	-1.471204E+0
1.416250E+1	2.125132E-2	2.027609E+0	-1.549962E+0
1.427500E+1	2.438381E-2	1.561813E+0	-7.685863E-1
1.438750E+1	2.493605E-2	7.482810E-1	-7.137790E-1
1.450000E+1	2.550581E-2	2.012186E+0	-1.309931E+0
1.461250E+1	2.264719E-2	1.241748E+0	-9.819919E-1
1.472500E+1	2.048882E-2	1.448105E+0	-1.281686E+0
1.483750E+1	2.095320E-2	1.740391E+0	-1.391655E+0
1.495000E+1	2.575899E-2	1.841209E+0	-1.710961E+0
1.506250E+1	2.653263E-2	1.935536E+0	-1.773887E+0
1.517500E+1	2.505492E-2	2.171457E+0	-1.813131E+0
1.528750E+1	2.913717E-2	1.952263E+0	-1.305407E+0
1.540000E+1	2.533243E-2	1.194151E+0	-1.154872E+0
1.551250E+1	2.725312E-2	1.670558E+0	-1.427912E+0
1.562500E+1	2.399170E-2	1.543658E+0	-7.740612E-1
1.573750E+1	2.200451E-2	1.715717E+0	-1.526275E+0
1.585000E+1	2.173078E-2	1.700465E+0	-1.590863E+0
1.596250E+1	2.384470E-2	2.462077E+0	-2.427688E+0
1.607500E+1	2.512862E-2	1.150806E+0	-1.052708E+0
1.618750E+1	2.710200E-2	1.443210E+0	-9.914083E-1
1.630000E+1	2.605750E-2	7.519920E-1	-7.519633E-1
1.641250E+1	2.776850E-2	2.286727E+0	-2.028370E+0
1.652500E+1	2.638701E-2	1.763628E+0	-1.441504E+0
1.663750E+1	2.338732E-2	1.742787E+0	-1.586703E+0
1.675000E+1	2.757595E-2	1.796260E+0	-1.466578E+0
1.686250E+1	2.695300E-2	1.844599E+0	-1.503689E+0
1.697500E+1	2.877705E-2	1.864322E+0	-1.102938E+0
1.708750E+1	2.245032E-2	1.303294E+0	-8.720618E-1
1.720000E+1	2.343624E-2	1.509046E+0	-1.029938E+0
1.731250E+1	2.469853E-2	1.641202E+0	-1.619654E+0
1.742500E+1	2.396780E-2	1.516526E+0	-1.485715E+0
1.753750E+1	2.541441E-2	1.924093E+0	-1.907660E+0
1.765000E+1	2.521361E-2	1.850632E+0	-1.677449E+0
1.776250E+1	2.705503E-2	1.532389E+0	-1.531176E+0
1.787500E+1	2.532113E-2	1.066566E+0	-1.062116E+0
1.798750E+1	3.078993E-2	1.145592E+0	-1.137694E+0
1.810000E+1	2.470438E-2	1.062675E+0	-9.849705E-1
1.821250E+1	2.488677E-2	1.788476E+0	-1.786826E+0
1.832500E+1	3.033988E-2	2.402804E+0	-2.351658E+0
1.843750E+1	2.694308E-2	1.595956E+0	-1.588933E+0
1.855000E+1	2.891474E-2	1.274419E+0	-1.221988E+0
1.866250E+1	2.440608E-2	2.113188E+0	-2.094983E+0
1.877500E+1	2.631542E-2	2.198496E+0	-2.067789E+0
1.888750E+1	2.488920E-2	1.993182E+0	-1.980912E+0
1.900000E+1	2.915458E-2	1.545332E+0	-1.543707E+0
1.911250E+1	2.663605E-2	1.591956E+0	-1.590330E+0
1.922500E+1	2.756494E-2	1.703544E+0	-1.689072E+0
1.933750E+1	2.384887E-2	8.302271E-1	-8.155397E-1
1.945000E+1	2.570348E-2	9.695778E-1	-9.571762E-1
1.956250E+1	2.528632E-2	1.947227E+0	-1.924626E+0
1.967500E+1	2.718027E-2	1.526132E+0	-1.419165E+0
1.978750E+1	2.219054E-2	1.529847E+0	-1.496959E+0
1.990000E+1	2.790875E-2	1.913032E+0	-1.911999E+0
2.001250E+1	2.694925E-2	2.377705E+0	-2.370609E+0
2.012500E+1	3.458358E-2	2.129342E+0	-2.101945E+0
2.023750E+1	3.071656E-2	2.042698E+0	-1.952196E+0
2.035000E+1	3.072083E-2	1.747956E+0	-1.726833E+0
2.046250E+1	1.962538E-2	1.969626E+0	-1.871400E+0
2.057500E+1	2.575811E-2	1.190112E+0	-1.160138E+0
2.068750E+1	2.614637E-2	2.069831E+0	-1.919605E+0
2.080000E+1	2.409917E-2	1.291963E+0	-9.941576E-1
2.091250E+1	2.938912E-2	1.778415E+0	-1.588919E+0
2.102500E+1	2.401247E-2	1.652600E+0	-1.625439E+0
2.113750E+1	2.498824E-2	2.318740E+0	-2.147402E+0
2.125000E+1	2.599993E-2	2.169285E+0	-1.873326E+0
2.136250E+1	2.449616E-2	2.160413E+0	-1.772127E+0
2.147500E+1	1.842311E-2	6.093158E-1	-5.954875E-1
2.158750E+1	2.153063E-2	1.179283E+0	-1.137830E+0
2.170000E+1	2.730151E-2	1.768311E+0	-1.719350E+0
2.181250E+1	2.525703E-2	9.934507E-1	-9.690818E-1
2.192500E+1	2.767952E-2	1.187293E+0	-1.052718E+0
2.203750E+1	2.488265E-2	1.676794E+0	-1.016765E+0
2.215000E+1	2.444502E-2	1.256915E+0	-5.573565E-1
2.226250E+1	2.745909E-2	9.567259E-2	-9.116746E-2
2.237500E+1	2.145796E-2	9.950886E-1	-8.773159E-1
2.248750E+1	2.213133E-2	1.653162E+0	-1.646571E+0
2.260000E+1	2.639100E-2	1.357845E+0	-1.355667E+0
2.271250E+1	2.490813E-2	1.083346E+0	-1.025866E+0
2.282500E+1	1.958470E-2	1.997990E+0	-1.781006E+0
2.293750E+1	2.325418E-2	1.083667E+0	-9.471260E-1
2.305000E+1	2.643764E-2	9.023684E-1	-6.495618E-1
2.316250E+1	2.845345E-2	6.622061E-1	-5.869393E-1
2.327500E+1	1.992200E-2	1.027200E+0	-1.019779E+0
2.338750E+1	2.525811E-2	1.018823E+0	-8.958563E-1
2.350000E+1	2.069796E-2	1.380599E+0	-1.319882E+0
2.361250E+1	1.686914E-2	1.368391E+0	-1.193874E+0
2.372500E+1	2.254190E-2	9.332508E-1	-7.306635E-1
2.383750E+1	2.192954E-2	1.381774E+0	-5.957281E-1
2.395000E+1	2.041151E-2	1.084053E+0	-5.777525E-1
2.406250E+1	2.112082E-2	8.351109E-1	-5.071564E-1
2.417500E+1	1.824405E-2	8.627741E-1	-4.714346E-1
2.428750E+1	2.092853E-2	1.288085E+0	-1.133399E+0
2.440000E+1	1.871995E-2	1.740669E+0	-1.498363E+0
2.451250E+1	2.349086E-2	1.043424E+0	-8.805947E-1
2.462500E+1	2.039838E-2	1.076654E+0	-1.020606E+0
2.473750E+1	1.642234E-2	1.152357E+0	-7.474825E-1
2.485000E+1	1.855781E-2	1.120624E+0	-9.420357E-1
2.496250E+1	1.846238E-2	9.243938E-1	-7.347929E-1
2.507500E+1	2.182010E-2	1.012533E+0	-7.820038E-1
2.518750E+1	2.154344E-2	1.163808E+0	-1.154652E+0
2.530000E+1	1.900825E-2	1.528092E+0	-1.526942E+0
2.541250E+1	1.820272E-2	1.045591E+0	-1.039398E+0
2.552500E+1	1.730224E-2	1.254172E+0	-6.402105E-1
2.563750E+1	2.024121E-2	1.167450E+0	-9.223166E-1
2.575000E+1	2.150892E-2	1.329600E+0	-9.153458E-1
2.586250E+1	2.462051E-2	8.439198E-1	-5.914798E-1
2.597500E+1	1.773258E-2	1.532911E+0	-6.421530E-1
2.608750E+1	1.816578E-2	7.968217E-1	-5.901610E-1
2.620000E+1	1.953994E-2	7.473155E-1	-6.614450E-1
2.631250E+1	1.577513E-2	1.300325E+0	-9.229588E-1
2.642500E+1	1.659716E-2	1.478635E+0	-1.123198E+0
2.653750E+1	1.914454E-2	1.323626E+0	-1.136202E+0
2.665000E+1	1.754848E-2	1.253161E+0	-4.272640E-1
2.676250E+1	1.828476E-2	7.629364E-1	-5.788172E-1
2.687500E+1	1.310715E-2	9.212439E-1	-8.238765E-1
2.698750E+1	1.676527E-2	7.678558E-1	-7.371570E-1
2.710000E+1	1.636533E-2	5.635363E-1	-2.148915E-1
2.721250E+1	1.934892E-2	1.142841E+0	-7.519050E-2
2.732500E+1	1.789648E-2	7.120316E-1	-3.821492E-1
2.743750E+1	1.934356E-2	6.374428E-1	-3.358096E-1
2.755000E+1	1.511223E-2	5.778324E-1	-5.233138E-1
2.766250E+1	1.456952E-2	1.216551E+0	-9.896188E-1
2.777500E+1	1.895105E-2	8.298780E-1	-3.688751E-1
2.788750E+1	1.714182E-2	8.089271E-1	-2.852159E-1
2.800000E+1	1.569738E-2	6.617764E-1	-4.381423E-1
2.811250E+1	1.589661E-2	1.038124E+0	-7.071570E-1
2.822500E+1	1.749028E-2	7.589780E-1	-4.328777E-1
2.833750E+1	1.371376E-2	9.790210E-1	-7.570165E-1
2.845000E+1	1.408544E-2	9.662560E-1	-6.293554E-1
2.856250E+1	1.704681E-2	7.422103E-1	-5.189994E-1
2.867500E+1	1.537860E-2	4.848175E-1	-3.695571E-1
2.878750E+1	1.552655E-2	7.531951E-1	-6.421727E-1
2.890000E+1	1.529780E-2	6.752112E-1	-2.427037E-1
2.901250E+1	1.653619E-2	7.672507E-1	-1.861155E-1
2.912500E+1	1.552443E-2	5.206488E-1	-3.570625E-1
2.923750E+1	1.213403E-2	1.008167E+0	-4.529881E-1
2.935000E+1	1.663576E-2	1.133286E+0	-3.927298E-1
2.946250E+1	1.393231E-2	8.216811E-1	-3.902945E-1
2.957500E+1	1.302459E-2	1.166236E+0	-7.459393E-1
2.968750E+1	1.246439E-2	7.717506E-1	-5.536642E-2
2.980000E+1	1.341286E-2	4.089763E-1	-3.855888E-1
2.991250E+1	1.398951E-2	6.032902E-1	-2.277209E-1
3.002500E+1	1.478070E-2	8.864647E-1	-2.344635E-1
3.013750E+1	1.455558E-2	7.640758E-1	-2.088391E-1
3.025000E+1	1.362633E-2	9.111871E-1	-5.161579E-1
3.036250E+1	1.368689E-2	7.414360E-1	-1.876943E-1
3.047500E+1	1.190621E-2	8.133369E-1	-4.617062E-1
3.058750E+1	1.176876E-2	7.850476E-1	-2.103706E-1
3.070000E+1	1.287831E-2	5.064383E-1	-3.624562E-1
3.081250E+1	1.358921E-2	7.650639E-1	-6.224338E-1
3.092500E+1	1.438353E-2	1.087883E+0	-2.422770E-1
3.103750E+1	1.468926E-2	7.742993E-1	-4.002973E-1
3.115000E+1	1.168976E-2	8.237906E-1	-2.082929E-1
3.126250E+1	1.267890E-2	6.691595E-1	-2.422820E-1
3.137500E+1	1.242233E-2	3.363091E-1	-2.095807E-1
3.148750E+1	1.208427E-2	5.027336E-1	3.445762E-4
3.160000E+1	1.040294E-2	7.656966E-1	-5.251532E-1
3.171250E+1	1.177949E-2	7.678277E-1	-3.228635E-1
3.182500E+1	1.260378E-2	5.024274E-1	-1.987970E-2
3.193750E+1	1.367311E-2	9.128430E-1	-6.437957E-1
3.205000E+1	1.121721E-2	7.373498E-1	-4.172099E-1
3.216250E+1	1.070857E-2	8.867173E-1	-2.308023E-1
3.227500E+1	1.469158E-2	4.269976E-1	1.525483E-1
3.238750E+1	1.171424E-2	3.698555E-1	-1.407585E-1
3.250000E+1	1.116132E-2	5.230342E-1	-2.032047E-1
3.261250E+1	1.149887E-2	8.654879E-1	-3.540202E-1
3.272500E+1	1.390471E-2	8.546971E-1	-5.025119E-2
3.283750E+1	1.122874E-2	5.640690E-1	-3.192294E-1
3.295000E+1	1.113702E-2	9.062307E-1	-3.811821E-1
3.306250E+1	1.011965E-2	6.615951E-1	-4.393902E-2
3.317500E+1	1.002855E-2	5.015162E-1	-3.494625E-1
3.328750E+1	9.933291E-3	4.023497E-1	-3.308286E-1
3.340000E+1	1.094826E-2	4.542522E-1	-1.764237E-1
3.351250E+1	1.093698E-2	4.570585E-1	-2.323298E-1
3.362500E+1	1.189087E-2	3.397525E-1	1.437969E-1
3.373750E+1	9.164698E-3	6.153669E-1	-1.645259E-1
3.385000E+1	1.281742E-2	4.952649E-1	-2.392148E-1
3.396250E+1	1.208895E-2	6.757951E-1	-4.306679E-1
3.407500E+1	1.033781E-2	6.674811E-1	-1.579331E-1
3.418750E+1	1.045466E-2	3.773269E-1	4.104961E-2
3.430000E+1	8.496422E-3	7.227588E-1	-4.626207E-1
3.441250E+1	9.392565E-3	4.810831E-1	-1.180458E-1
3.452500E+1	9.677023E-3	3.986222E-1	-3.253375E-1
3.463750E+1	9.409188E-3	5.581428E-1	-3.879422E-1
3.475000E+1	9.551692E-3	5.252334E-1	9.483416E-2
3.486250E+1	9.517425E-3	4.276041E-1	-2.284914E-1
3.497500E+1	1.127201E-2	5.829966E-1	-1.901043E-1
3.508750E+1	1.042074E-2	6.490347E-1	-1.568010E-1
3.520000E+1	9.108742E-3	4.174083E-1	-1.452936E-1
3.531250E+1	9.229186E-3	5.129825E-1	-2.449555E-1
3.542500E+1	8.280223E-3	5.299199E-1	-2.106692E-2
3.553750E+1	8.866271E-3	4.209350E-1	5.054336E-3
3.565000E+1	9.390025E-3	4.636598E-1	1.172048E-1
3.576250E+1	8.374638E-3	2.544973E-1	-7.256933E-2
3.587500E+1	9.318920E-3	3.478107E-1	-3.420597E-2
3.598750E+1	8.941588E-3	4.164558E-1	-1.147345E-1
3.610000E+1	8.020396E-3	4.467264E-1	-1.084320E-1
3.621250E+1	7.515925E-3	4.903692E-1	1.697191E-1
3.632500E+1	8.522110E-3	4.120482E-1	1.778602E-1
3.643750E+1	9.724781E-3	4.564345E-1	-1.356832E-1
3.655000E+1	7.124342E-3	5.651682E-1	-2.688114E-1
3.666250E+1	8.891189E-3	4.696741E-1	1.265104E-1
3.677500E+1	6.978599E-3	9.700592E-2	3.041008E-2
3.688750E+1	7.185604E-3	6.321808E-1	-2.575155E-1
3.700000E+1	7.952138E-3	3.883601E-1	-1.985871E-1
3.711250E+1	7.322805E-3	6.908697E-1	8.882318E-2
3.722500E+1	5.998170E-3	4.084328E-1	1.269045E-1
3.733750E+1	6.880707E-3	4.195568E-1	-2.066431E-1
3.745000E+1	6.770037E-3	3.157463E-1	-1.058109E-1
3.756250E+1	7.564039E-3	5.637807E-1	-6.837904E-2
3.767500E+1	7.468369E-3	3.181289E-1	-8.850017E-2
3.778750E+1	7.358903E-3	2.400725E-1	-7.007303E-2
3.790000E+1	7.843612E-3	3.155241E-1	-5.875707E-2
3.801250E+1	7.605715E-3	5.029498E-1	-5.496009E-2
3.812500E+1	7.373311E-3	4.270176E-1	-1.519385E-1
3.823750E+1	8.738969E-3	2.473523E-1	-1.695059E-1
3.835000E+1	7.238220E-3	4.216468E-1	2.036878E-1
3.846250E+1	7.505091E-3	2.435417E-1	5.947247E-2
3.857500E+1	6.603154E-3	5.938205E-1	-1.786377E-1
3.868750E+1	7.255214E-3	3.343920E-1	-9.875352E-3
3.880000E+1	6.366418E-3	3.502877E-1	-1.417793E-1
3.891250E+1	6.017036E-3	3.395078E-1	2.222703E-1
3.902500E+1	6.730847E-3	4.667449E-1	-1.494990E-1
3.913750E+1	7.124361E-3	4.883050E-1	-9.683953E-2
3.925000E+1	7.175595E-3	4.606900E-1	-4.899434E-2
3.936250E+1	6.231381E-3	3.258817E-1	-1.218718E-1
3.947500E+1	7.235160E-3	5.126985E-1	-1.005130E-1
3.958750E+1	6.379389E-3	1.617070E-1	3.333759E-2
3.970000E+1	7.052686E-3	3.853759E-1	-1.027675E-1
3.981250E+1	5.008966E-3	2.815119E-1	7.225381E-2
3.992500E+1	5.882856E-3	5.895735E-1	-2.829840E-2
4.003750E+1	6.706087E-3	2.271479E-1	1.389746E-1
4.015000E+1	7.176765E-3	3.024293E-1	-6.465369E-3
4.026250E+1	4.904407E-3	2.500107E-1	-1.286017E-1
4.037500E+1	5.843112E-3	2.429551E-1	-9.194525E-2
4.048750E+1	5.542672E-3	4.348589E-1	-1.735334E-1
4.060000E+1	6.567809E-3	3.700736E-1	1.617877E-1
4.071250E+1	5.754382E-3	2.187681E-1	-8.371500E-2
4.082500E+1	5.538200E-3	3.606040E-1	3.813336E-2
4.093750E+1	6.447038E-3	2.315111E-1	-8.711341E-2
4.105000E+1	5.811602E-3	3.398587E-1	-4.961720E-2
4.116250E+1	4.819146E-3	2.899836E-1	-8.284093E-2
4.127500E+1	5.229464E-3	2.687844E-1	-1.786181E-1
4.138750E+1	4.644359E-3	3.763424E-1	4.659309E-2
4.150000E+1	4.563578E-3	2.610887E-1	-1.605725E-3
4.161250E+1	5.329438E-3	4.070746E-1	5.082973E-2
4.172500E+1	4.378375E-3	2.121917E-1	-8.023195E-2
4.183750E+1	4.649137E-3	4.030615E-1	-3.775600E-2
4.195000E+1	5.872551E-3	3.370409E-1	7.324098E-2
4.206250E+1	5.764111E-3	3.902647E-1	-2.268201E-1
4.217500E+1	5.287502E-3	2.716340E-1	4.026819E-3
4.228750E+1	5.103842E-3	2.474744E-1	-1.342792E-2
4.240000E+1	4.573179E-3	1.998476E-1	-1.391315E-1
4.251250E+1	4.772385E-3	3.007704E-1	-2.117470E-4
4.262500E+1	5.043617E-3	2.665449E-1	-3.001110E-2
4.273750E+1	4.200561E-3	3.189008E-1	-2.238623E-2
4.285000E+1	4.893164E-3	2.776698E-1	4.118204E-2
4.296250E+1	4.327202E-3	1.268137E-1	7.059209E-2
4.307500E+1	4.242573E-3	2.076242E-1	1.017900E-1
4.318750E+1	5.847872E-3	1.614141E-1	2.440413E-2
4.330000E+1	4.625740E-3	3.195367E-1	2.416564E-2
4.341250E+1	4.385272E-3	2.690992E-1	4.255095E-2
4.352500E+1	4.668028E-3	1.805776E-1	4.583640E-2
4.363750E+1	5.048245E-3	2.336868E-1	1.515154E-2
4.375000E+1	4.991406E-3	1.909619E-1	-6.621067E-2
4.386250E+1	6.370825E-3	4.100009E-1	9.844244E-2
4.397500E+1	5.257038E-3	2.576773E-1	-8.084717E-2
4.408750E+1	5.130138E-3	2.026957E-1	-5.293786E-2
4.420000E+1	4.192454E-3	2.098868E-1	7.379738E-2
4.431250E+1	4.859372E-3	2.775051E-1	-3.850376E-2
4.442500E+1	4.464356E-3	2.527164E-1	2.074603E-2
4.453750E+1	4.898441E-3	2.196399E-1	9.715532E-3
4.465000E+1	3.905965E-3	1.351017E-1	-2.421366E-2
4.476250E+1	3.949245E-3	3.080447E-1	8.283304E-2
4.487500E+1	5.851772E-3	1.292260E-1	-8.234518E-2
4.498750E+1	5.103813E-3	1.514131E-1	4.549251E-2
4.510000E+1	4.897369E-3	2.049634E-1	7.431779E-2
4.521250E+1	5.129760E-3	1.992462E-1	5.775813E-2
4.532500E+1	5.348075E-3	2.085708E-1	3.463441E-2
4.543750E+1	4.687164E-3	3.513428E-1	-5.713247E-2
4.555000E+1	4.954355E-3	1.130831E-1	8.240107E-2
4.566250E+1	4.299099E-3	2.896442E-1	5.346034E-2
4.577500E+1	5.254753E-3	2.563987E-1	7.889418E-4
4.588750E+1	4.720713E-3	1.698379E-1	4.539090E-2
4.600000E+1	4.250549E-3	2.466137E-1	-1.182866E-2
4.611250E+1	5.321934E-3	2.144317E-1	-2.923527E-2
4.622500E+1	5.802501E-3	2.511834E-1	-9.818430E-3
4.633750E+1	3.957245E-3	1.493323E-1	-2.887390E-2
4.645000E+1	5.396978E-3	1.228905E-1	4.054712E-2
4.656250E+1	4.711913E-3	1.034366E-1	4.874922E-2
4.667500E+1	4.872954E-3	2.702588E-1	-1.308841E-2
4.678750E+1	4.986355E-3	1.205751E-1	-1.210184E-2
4.690000E+1	5.310529E-3	3.153158E-1	4.968864E-2
4.701250E+1	5.593969E-3	5.143985E-2	-3.056375E-2
4.712500E+1	6.144792E-3	1.183114E-1	6.871063E-2
4.723750E+1	5.344444E-3	1.841745E-1	9.356512E-2
4.735000E+1	4.450422E-3	1.173091E-1	2.409676E-2
4.746250E+1	3.866681E-3	2.529229E-1	3.777722E-2
4.757500E+1	4.969902E-3	1.928903E-1	-9.186439E-3
4.768750E+1	5.573939E-3	2.010005E-1	-6.156278E-2
4.780000E+1	5.451914E-3	1.646939E-1	9.728325E-2
4.791250E+1	4.038984E-3	1.317888E-1	-7.227999E-2
4.802500E+1	5.107743E-3	2.236378E-1	-9.667491E-2
4.813750E+1	5.039887E-3	1.667856E-1	-1.250200E-2
4.825000E+1	4.980027E-3	1.343124E-1	-5.691914E-2
4.836250E+1	4.630224E-3	1.861479E-1	3.214753E-2
4.847500E+1	4.398612E-3	1.058824E-1	4.249856E-2
4.858750E+1	4.572887E-3	2.881181E-1	3.003057E-4
4.870000E+1	4.400283E-3	1.302664E-1	-1.794257E-2
4.881250E+1	4.466304E-3	1.544159E-1	-9.233864E-3
4.892500E+1	5.631619E-3	2.580253E-1	9.291389E-2
4.903750E+1	5.063723E-3	1.568959E-1	-5.241245E-3
4.915000E+1	4.291756E-3	2.019925E-1	8.808436E-2
4.926250E+1	5.066659E-3	2.624378E-1	-6.384563E-2
4.937500E+1	5.549829E-3	1.653470E-1	3.575540E-2
4.948750E+1	4.941180E-3	4.396631E-2	-4.340195E-2
4.960000E+1	4.921916E-3	6.864838E-2	3.091639E-2
4.971250E+1	4.827808E-3	2.138894E-1	6.315208E-2
4.982500E+1	5.929687E-3	3.095449E-1	-9.388721E-2
4.993750E+1	6.015996E-3	1.357443E-1	-1.257236E-1
5.005000E+1	5.445138E-3	2.122266E-1	6.585364E-2
5.016250E+1	4.653418E-3	2.433350E-1	2.091310E-2
5.027500E+1	6.268490E-3	7.215348E-2	3.116441E-2
5.038750E+1	5.459716E-3	1.591164E-1	1.202757E-1
5.050000E+1	6.372853E-3	2.150801E-1	8.110917E-2
5.061250E+1	4.899619E-3	2.096457E-1	-1.138360E-1
5.072500E+1	5.160352E-3	2.261142E-1	8.426347E-2
5.083750E+1	6.051979E-3	8.006341E-2	1.505581E-2
5.095000E+1	6.680896E-3	1.700622E-1	8.659091E-2
5.106250E+1	5.968267E-3	1.881579E-1	6.452748E-2
5.117500E+1	4.604688E-3	2.127447E-1	4.557284E-2
5.128750E+1	5.706477E-3	7.882430E-2	-3.912933E-3
5.140000E+1	5.345115E-3	2.031681E-1	-2.326554E-2
5.151250E+1	5.224074E-3	1.787180E-1	4.015375E-2
5.162500E+1	4.973772E-3	1.614612E-1	2.297808E-2
5.173750E+1	4.686631E-3	1.259189E-1	3.627630E-4
5.185000E+1	4.445584E-3	1.218413E-1	-4.128135E-2
5.196250E+1	3.981299E-3	1.447441E-1	3.062433E-2
5.207500E+1	4.938771E-3	2.432930E-1	7.789192E-2
5.218750E+1	3.784897E-3	2.289222E-1	-1.097359E-1
5.230000E+1	3.687262E-3	2.128940E-1	1.431050E-1
5.241250E+1	3.965043E-3	1.844303E-1	4.695022E-2
5.252500E+1	3.318714E-3	1.444736E-1	7.345831E-2
5.263750E+1	3.681908E-3	1.676642E-1	3.906508E-2
5.275000E+1	4.060685E-3	1.976298E-1	1.482090E-1
5.286250E+1	3.368134E-3	1.790704E-1	-7.896882E-2
5.297500E+1	3.303483E-3	9.618317E-2	3.801676E-2
5.308750E+1	3.095321E-3	1.725730E-1	2.040687E-2
5.320000E+1	3.371154E-3	1.615834E-1	3.859175E-2
5.331250E+1	3.166875E-3	8.971889E-2	-1.018771E-2
5.342500E+1	3.160632E-3	8.247310E-2	-9.120483E-3
5.353750E+1	3.423247E-3	1.486914E-1	5.940237E-2
5.365000E+1	3.232648E-3	1.963627E-1	5.393659E-2
5.376250E+1	2.956245E-3	1.294698E-1	2.718612E-2
5.387500E+1	3.049702E-3	1.001893E-1	7.294418E-2
5.398750E+1	3.004957E-3	2.219460E-1	6.619906E-2
5.410000E+1	2.873973E-3	1.251504E-1	4.313303E-2
5.421250E+1	2.734647E-3	2.323581E-1	2.905839E-2
5.432500E+1	2.619216E-3	9.085269E-2	-1.888254E-2
5.443750E+1	2.632065E-3	2.078875E-1	8.546005E-2
5.455000E+1	2.206539E-3	9.166132E-2	6.047737E-2
5.466250E+1	2.265116E-3	7.904411E-2	7.799235E-2
5.477500E+1	2.924776E-3	9.418350E-2	7.905048E-3
5.488750E+1	2.772129E-3	2.725752E-1	1.619184E-1
5.500000E+1	2.437845E-3	2.144866E-1	-6.544273E-2
