Freq (Hz)	PSD/Measured Spectrum: Power CH2 (Vrms/rtHz)	Freq Response Module (Vrms)	Freq Response Im part (Unitless Power)
1.000000E+1	1.281926E-2	1.531299E+0	-8.051744E-1
1.011250E+1	1.552947E-2	1.085244E+0	-2.675689E-1
1.022500E+1	1.334540E-2	1.658174E+0	-5.237793E-1
1.033750E+1	1.419294E-2	9.968260E-1	3.321501E-1
1.045000E+1	1.321735E-2	6.098226E-1	-5.617542E-1
1.056250E+1	1.407017E-2	1.663014E+0	-9.397087E-1
1.067500E+1	1.493412E-2	1.135171E+0	-1.099097E+0
1.078750E+1	1.473153E-2	2.244727E+0	-9.982105E-1
1.090000E+1	1.378942E-2	7.512860E-1	-3.496609E-1
1.101250E+1	1.417540E-2	1.266484E+0	-4.863963E-1
1.112500E+1	1.626692E-2	1.471784E+0	-1.083672E+0
1.123750E+1	1.184121E-2	1.365247E+0	-6.494908E-1
1.135000E+1	1.556141E-2	1.239102E+0	-1.701816E-1
1.146250E+1	1.267656E-2	1.058847E+0	-6.494197E-2
1.157500E+1	1.417840E-2	1.283782E+0	-7.282496E-1
1.168750E+1	1.440080E-2	1.259129E+0	-8.266209E-1
1.180000E+1	1.741038E-2	1.348889E+0	-7.525216E-1
1.191250E+1	2.025869E-2	1.353796E+0	-5.125518E-1
1.202500E+1	1.467804E-2	1.184798E+0	-3.398271E-1
1.213750E+1	1.525853E-2	7.167851E-1	-4.802378E-1
1.225000E+1	1.526477E-2	1.388408E+0	-4.447601E-1
1.236250E+1	1.606493E-2	8.382998E-1	-3.161553E-1
1.247500E+1	1.960462E-2	1.052401E+0	-8.271883E-1
1.258750E+1	1.583826E-2	9.171103E-1	-6.710296E-1
1.270000E+1	1.506688E-2	1.925423E+0	-1.265112E+0
1.281250E+1	1.539784E-2	1.421457E+0	-7.155064E-1
1.292500E+1	1.691371E-2	1.278718E+0	-5.403674E-1
1.303750E+1	1.466065E-2	1.493210E+0	-3.567800E-1
1.315000E+1	1.721589E-2	1.463409E+0	-2.953104E-1
1.326250E+1	1.524747E-2	8.245271E-1	-5.066127E-1
1.337500E+1	1.460379E-2	1.321971E+0	-8.348673E-1
1.348750E+1	1.767141E-2	1.639016E+0	-1.438137E+0
1.360000E+1	1.565997E-2	1.387472E+0	-7.785999E-1
1.371250E+1	1.807065E-2	1.888860E+0	-1.180296E+0
1.382500E+1	1.923557E-2	1.220725E+0	-5.367057E-1
1.393750E+1	1.263977E-2	1.146513E+0	-7.781985E-1
1.405000E+1	1.604171E-2	1.479163E+0	-1.055101E+0
1.416250E+1	1.733503E-2	2.103093E+0	-1.312281E+0
1.427500E+1	1.505654E-2	1.900873E+0	-9.338631E-1
1.438750E+1	2.094631E-2	1.853405E+0	-9.534261E-1
1.450000E+1	1.592857E-2	1.849054E+0	-1.275620E+0
1.461250E+1	1.813655E-2	1.760908E+0	-1.406094E+0
1.472500E+1	2.115682E-2	1.070617E+0	-9.523079E-1
1.483750E+1	1.825366E-2	1.308210E+0	-9.635189E-1
1.495000E+1	2.037020E-2	1.561277E+0	-7.590125E-1
1.506250E+1	1.644588E-2	1.243565E+0	-8.159267E-1
1.517500E+1	2.074510E-2	1.893775E+0	-1.549714E+0
1.528750E+1	2.390545E-2	2.043542E+0	-1.078795E+0
1.540000E+1	2.005000E-2	1.895170E+0	-1.112712E+0
1.551250E+1	1.604937E-2	1.687003E+0	-1.436097E+0
1.562500E+1	1.832552E-2	1.124321E+0	-4.103172E-1
1.573750E+1	2.160279E-2	1.042555E+0	-1.033224E+0
1.585000E+1	2.059067E-2	1.593222E+0	-1.451501E+0
1.596250E+1	1.826335E-2	1.512145E+0	-1.440263E+0
1.607500E+1	2.035948E-2	1.592450E+0	-1.393443E+0
1.618750E+1	1.861501E-2	1.796128E+0	-1.320107E+0
1.630000E+1	2.063611E-2	1.549950E+0	-1.355335E+0
1.641250E+1	1.728852E-2	2.059953E+0	-2.042573E+0
1.652500E+1	1.628567E-2	1.851931E+0	-1.644505E+0
1.663750E+1	1.732233E-2	1.428863E+0	-1.356725E+0
1.675000E+1	1.894411E-2	1.755666E+0	-1.648701E+0
1.686250E+1	2.333798E-2	1.602789E+0	-1.451233E+0
1.697500E+1	2.011041E-2	1.533387E+0	-9.030738E-1
1.708750E+1	1.910856E-2	8.923692E-1	-5.795506E-1
1.720000E+1	2.066197E-2	1.782805E+0	-1.583612E+0
1.731250E+1	2.386576E-2	1.741233E+0	-1.591808E+0
1.742500E+1	1.948339E-2	1.966251E+0	-1.582431E+0
1.753750E+1	2.276628E-2	1.267429E+0	-1.122678E+0
1.765000E+1	2.169824E-2	1.726042E+0	-1.701614E+0
1.776250E+1	2.164622E-2	2.462091E+0	-2.166009E+0
1.787500E+1	2.000833E-2	1.923625E+0	-1.878886E+0
1.798750E+1	1.852781E-2	1.076487E+0	-1.040135E+0
1.810000E+1	2.157159E-2	1.179073E+0	-1.145363E+0
1.821250E+1	1.971209E-2	1.953796E+0	-1.951391E+0
1.832500E+1	1.724189E-2	1.869025E+0	-1.673514E+0
1.843750E+1	2.120570E-2	1.740004E+0	-1.739227E+0
1.855000E+1	2.244844E-2	1.816773E+0	-1.686846E+0
1.866250E+1	2.342097E-2	2.006349E+0	-1.979833E+0
1.877500E+1	2.408122E-2	2.520569E+0	-2.270961E+0
1.888750E+1	2.163744E-2	1.668373E+0	-1.384105E+0
1.900000E+1	2.344890E-2	1.853282E+0	-1.850256E+0
1.911250E+1	2.164913E-2	1.847041E+0	-1.847039E+0
1.922500E+1	2.278763E-2	1.621279E+0	-1.577760E+0
1.933750E+1	1.605291E-2	9.546148E-1	-8.160120E-1
1.945000E+1	2.245541E-2	1.519782E+0	-1.491996E+0
1.956250E+1	1.726997E-2	1.379741E+0	-1.344824E+0
1.967500E+1	2.266834E-2	2.138146E+0	-2.063936E+0
1.978750E+1	2.468879E-2	1.600340E+0	-1.591195E+0
1.990000E+1	2.029375E-2	2.176968E+0	-2.169643E+0
2.001250E+1	2.172806E-2	1.716797E+0	-1.716626E+0
2.012500E+1	2.845168E-2	1.286186E+0	-1.201959E+0
2.023750E+1	2.214668E-2	1.480421E+0	-1.477299E+0
2.035000E+1	2.239888E-2	1.548825E+0	-1.506365E+0
2.046250E+1	2.540403E-2	1.542789E+0	-1.430242E+0
2.057500E+1	2.423736E-2	1.351580E+0	-1.212350E+0
2.068750E+1	1.564984E-2	1.468692E+0	-1.262676E+0
2.080000E+1	2.224970E-2	1.955512E+0	-1.786395E+0
2.091250E+1	2.416134E-2	1.559331E+0	-1.516032E+0
2.102500E+1	2.178795E-2	1.595499E+0	-1.402689E+0
2.113750E+1	1.907412E-2	1.612971E+0	-1.507548E+0
2.125000E+1	2.139919E-2	1.338551E+0	-1.176576E+0
2.136250E+1	2.398512E-2	1.396164E+0	-1.108798E+0
2.147500E+1	2.366857E-2	1.085010E+0	-9.762228E-1
2.158750E+1	1.864653E-2	1.320335E+0	-1.280317E+0
2.170000E+1	1.689568E-2	1.856030E+0	-1.830221E+0
2.181250E+1	1.839846E-2	1.844144E+0	-1.687020E+0
2.192500E+1	2.203309E-2	1.976430E+0	-1.780622E+0
2.203750E+1	1.972502E-2	1.562297E+0	-1.519067E+0
2.215000E+1	1.847002E-2	1.389491E+0	-1.320045E+0
2.226250E+1	1.858024E-2	1.920491E+0	-1.675753E+0
2.237500E+1	1.825110E-2	1.328101E+0	-1.081515E+0
2.248750E+1	1.973934E-2	1.450084E+0	-1.153143E+0
2.260000E+1	1.802291E-2	2.098301E+0	-1.753746E+0
2.271250E+1	1.477270E-2	1.790616E+0	-1.355526E+0
2.282500E+1	1.703729E-2	1.609218E+0	-1.414116E+0
2.293750E+1	1.600285E-2	1.339737E+0	-1.199168E+0
2.305000E+1	1.747767E-2	1.492154E+0	-1.486168E+0
2.316250E+1	1.898934E-2	9.095573E-1	-4.429007E-1
2.327500E+1	2.094117E-2	1.552823E+0	-1.014180E+0
2.338750E+1	2.027223E-2	8.749870E-1	-6.456660E-1
2.350000E+1	1.655449E-2	9.132011E-1	-5.289814E-1
2.361250E+1	1.871831E-2	9.992554E-1	-6.206266E-1
2.372500E+1	1.448842E-2	9.105294E-1	-7.050619E-1
2.383750E+1	1.791342E-2	1.048993E+0	-8.373683E-1
2.395000E+1	1.828195E-2	1.256745E+0	-1.020232E+0
2.406250E+1	1.384514E-2	9.626791E-1	-6.686890E-1
2.417500E+1	1.715161E-2	1.189367E+0	-6.069926E-1
2.428750E+1	1.704572E-2	1.369794E+0	-1.109647E+0
2.440000E+1	1.477065E-2	7.913257E-1	-4.336645E-1
2.451250E+1	1.678243E-2	6.944458E-1	-5.683306E-1
2.462500E+1	1.369234E-2	1.131533E+0	-1.054066E+0
2.473750E+1	1.384291E-2	1.130834E+0	-8.928599E-1
2.485000E+1	1.580834E-2	8.979745E-1	-7.885575E-1
2.496250E+1	1.723161E-2	7.549159E-1	-5.006583E-1
2.507500E+1	1.607932E-2	1.152295E+0	-7.634572E-1
2.518750E+1	1.569067E-2	1.374969E+0	-1.011197E+0
2.530000E+1	1.664459E-2	1.482223E+0	-8.869758E-1
2.541250E+1	1.615897E-2	1.225671E+0	-9.771187E-1
2.552500E+1	1.608114E-2	1.218039E+0	-8.808455E-1
2.563750E+1	1.601353E-2	9.133993E-1	-1.487105E-1
2.575000E+1	1.294238E-2	5.101488E-1	-4.361833E-1
2.586250E+1	1.611678E-2	4.341005E-1	-2.122351E-1
2.597500E+1	1.643814E-2	1.359262E+0	-9.055158E-1
2.608750E+1	1.266264E-2	1.376740E+0	-6.602542E-1
2.620000E+1	1.496249E-2	1.179377E+0	-8.202408E-1
2.631250E+1	1.483192E-2	1.367890E+0	-7.727614E-1
2.642500E+1	1.283655E-2	1.183927E+0	-9.798073E-1
2.653750E+1	1.543003E-2	6.846188E-1	-3.930938E-1
2.665000E+1	1.398561E-2	1.038921E+0	-6.172504E-1
2.676250E+1	1.314664E-2	1.027493E+0	-3.323047E-1
2.687500E+1	1.408437E-2	7.886998E-1	-6.574175E-1
2.698750E+1	1.227998E-2	2.902505E-1	-1.582819E-1
2.710000E+1	1.398277E-2	7.735307E-1	-6.583002E-1
2.721250E+1	1.163870E-2	1.335460E+0	-6.452883E-1
2.732500E+1	1.314750E-2	1.012774E+0	-1.888617E-1
2.743750E+1	1.207185E-2	6.053718E-1	-4.219289E-1
2.755000E+1	1.100438E-2	1.045997E+0	-7.840589E-1
2.766250E+1	1.091329E-2	1.053603E+0	-6.898170E-1
2.777500E+1	1.338468E-2	1.072763E+0	-4.848228E-1
2.788750E+1	1.396493E-2	6.969454E-1	-7.300851E-2
2.800000E+1	1.345269E-2	7.922353E-1	-2.365110E-1
2.811250E+1	1.137181E-2	9.193236E-1	-6.995077E-1
2.822500E+1	1.007769E-2	9.051638E-1	-6.654123E-1
2.833750E+1	1.022588E-2	1.232540E+0	-2.735315E-1
2.845000E+1	1.191685E-2	8.745717E-1	-4.926620E-2
2.856250E+1	1.301140E-2	7.961460E-1	-2.669764E-1
2.867500E+1	1.118085E-2	6.524513E-1	-5.378281E-1
2.878750E+1	1.217149E-2	8.312402E-1	-2.029781E-1
2.890000E+1	1.192983E-2	1.071022E+0	-5.350919E-1
2.901250E+1	1.020301E-2	9.842606E-1	-3.276456E-1
2.912500E+1	9.987300E-3	6.470416E-1	-2.032902E-1
2.923750E+1	1.263097E-2	3.433964E-1	-2.426882E-1
2.935000E+1	9.759351E-3	5.319213E-1	-3.712233E-1
2.946250E+1	1.101774E-2	1.136166E+0	-2.674980E-1
2.957500E+1	1.000055E-2	6.457211E-1	-1.418038E-1
2.968750E+1	1.052351E-2	5.908044E-1	-3.936680E-1
2.980000E+1	9.763608E-3	9.238257E-1	-5.604640E-1
2.991250E+1	1.375062E-2	8.699307E-1	-2.670672E-1
3.002500E+1	1.050446E-2	5.770342E-1	-6.043886E-2
3.013750E+1	1.015464E-2	5.803962E-1	-1.389071E-1
3.025000E+1	1.255088E-2	8.436558E-1	-4.597385E-1
3.036250E+1	1.166201E-2	8.566901E-1	-7.522612E-2
3.047500E+1	8.725574E-3	5.598279E-1	-1.414556E-1
3.058750E+1	1.086838E-2	6.775906E-1	-1.906686E-1
3.070000E+1	9.469232E-3	4.598263E-1	-1.958972E-1
3.081250E+1	9.687109E-3	7.971193E-1	-6.647440E-2
3.092500E+1	9.404412E-3	4.097963E-1	-6.675553E-2
3.103750E+1	7.985132E-3	6.558847E-1	-3.706510E-1
3.115000E+1	7.887606E-3	5.879593E-1	-1.994502E-1
3.126250E+1	1.012802E-2	5.619304E-1	-3.079939E-1
3.137500E+1	8.059727E-3	7.501888E-1	-1.539208E-1
3.148750E+1	9.087270E-3	4.102914E-1	-1.655358E-2
3.160000E+1	9.123210E-3	6.428057E-1	-2.992704E-1
3.171250E+1	9.919669E-3	7.744382E-1	-4.549219E-1
3.182500E+1	1.072490E-2	5.233744E-1	-1.135679E-1
3.193750E+1	9.490659E-3	3.877970E-1	-3.287400E-1
3.205000E+1	8.405622E-3	4.070120E-1	-2.017437E-2
3.216250E+1	6.730884E-3	4.900190E-1	-1.056530E-1
3.227500E+1	7.908121E-3	3.948597E-1	-1.720324E-1
3.238750E+1	7.973567E-3	6.687053E-1	-1.960790E-1
3.250000E+1	9.127959E-3	5.589921E-1	-2.422235E-1
3.261250E+1	7.633775E-3	5.898095E-1	-2.108816E-1
3.272500E+1	7.731054E-3	4.858332E-1	-1.733656E-1
3.283750E+1	9.766388E-3	6.446209E-1	-1.287344E-1
3.295000E+1	8.591087E-3	3.459893E-1	-3.529804E-2
3.306250E+1	8.278567E-3	2.559455E-1	-2.016220E-1
3.317500E+1	7.714463E-3	6.791922E-1	-3.185411E-1
3.328750E+1	8.009692E-3	4.625070E-1	-7.258239E-2
3.340000E+1	7.909380E-3	4.515442E-1	-3.269080E-1
3.351250E+1	7.323359E-3	7.586715E-1	-2.310713E-1
3.362500E+1	7.318274E-3	3.541007E-1	-6.810906E-2
3.373750E+1	8.889414E-3	3.048753E-1	-3.207583E-2
3.385000E+1	8.111417E-3	6.043773E-1	-1.470443E-1
3.396250E+1	7.892057E-3	3.740498E-1	-4.329044E-2
3.407500E+1	7.011897E-3	6.988531E-1	-2.256559E-1
3.418750E+1	7.427434E-3	5.795910E-1	-3.373001E-1
3.430000E+1	7.835750E-3	5.783116E-1	-1.096890E-2
3.441250E+1	5.336484E-3	4.098440E-1	8.420800E-2
3.452500E+1	6.430969E-3	4.692528E-1	-1.290590E-1
3.463750E+1	6.309253E-3	5.243536E-1	-2.515514E-1
3.475000E+1	5.599200E-3	4.848251E-1	-1.117416E-1
3.486250E+1	6.886397E-3	3.489352E-1	-1.407370E-1
3.497500E+1	6.372203E-3	4.367653E-1	-1.393910E-1
3.508750E+1	7.669066E-3	4.620940E-1	-2.032842E-1
3.520000E+1	5.561868E-3	5.190521E-1	-1.819980E-1
3.531250E+1	7.659676E-3	4.445706E-1	3.316263E-2
3.542500E+1	6.973655E-3	6.201949E-1	-1.987640E-1
3.553750E+1	6.730324E-3	5.420120E-1	-6.893121E-2
3.565000E+1	6.524509E-3	5.214344E-1	1.491861E-1
3.576250E+1	7.214569E-3	2.713560E-1	1.191276E-2
3.587500E+1	6.561917E-3	2.815825E-1	-1.368838E-2
3.598750E+1	6.289729E-3	3.565541E-1	-1.085640E-1
3.610000E+1	5.969624E-3	4.304864E-1	-1.338944E-1
3.621250E+1	5.985974E-3	4.518351E-1	-9.500816E-3
3.632500E+1	5.643123E-3	2.765796E-1	-9.119038E-2
3.643750E+1	7.944289E-3	5.139396E-1	-7.081356E-2
3.655000E+1	5.119195E-3	4.464327E-1	-2.102897E-1
3.666250E+1	5.681643E-3	4.122006E-1	3.154945E-1
3.677500E+1	5.760308E-3	4.489277E-1	-3.974346E-1
3.688750E+1	6.822188E-3	4.028403E-1	-2.259179E-1
3.700000E+1	4.935543E-3	6.019379E-1	-6.594435E-2
3.711250E+1	6.352144E-3	2.593654E-1	-2.634813E-2
3.722500E+1	4.915612E-3	4.090152E-1	-2.640330E-1
3.733750E+1	4.878848E-3	3.341844E-1	-1.010677E-1
3.745000E+1	6.577447E-3	3.930603E-1	-1.665263E-1
3.756250E+1	5.430336E-3	4.227159E-1	-2.668395E-3
3.767500E+1	4.726778E-3	2.858072E-1	-1.379298E-1
3.778750E+1	4.372823E-3	4.827864E-1	8.055334E-3
3.790000E+1	6.487928E-3	3.573595E-1	1.350285E-2
3.801250E+1	5.791534E-3	3.104529E-1	-2.572247E-2
3.812500E+1	4.956563E-3	5.419085E-1	-6.743805E-2
3.823750E+1	5.549419E-3	2.292857E-1	-3.341869E-2
3.835000E+1	4.615731E-3	3.854562E-1	-1.102552E-1
3.846250E+1	5.284293E-3	3.156120E-1	-8.451990E-3
3.857500E+1	4.342634E-3	3.940462E-1	-1.500058E-1
3.868750E+1	5.208446E-3	3.455437E-1	5.110780E-2
3.880000E+1	4.854199E-3	5.258936E-1	-1.804492E-1
3.891250E+1	5.244849E-3	3.822044E-1	6.267155E-2
3.902500E+1	3.760442E-3	3.447069E-1	2.129291E-3
3.913750E+1	5.179404E-3	2.219570E-1	1.041475E-1
3.925000E+1	4.910901E-3	5.023152E-1	4.309057E-2
3.936250E+1	5.519962E-3	4.285476E-1	1.028521E-1
3.947500E+1	4.516128E-3	1.764769E-1	-5.627016E-3
3.958750E+1	5.184524E-3	3.587237E-1	9.036940E-2
3.970000E+1	4.741176E-3	2.032677E-1	-3.040366E-2
3.981250E+1	4.814314E-3	4.254176E-1	6.181010E-2
3.992500E+1	4.757590E-3	1.881113E-1	1.076838E-1
4.003750E+1	3.528975E-3	3.154525E-1	-7.547022E-2
4.015000E+1	4.520886E-3	2.759756E-1	-8.522291E-2
4.026250E+1	4.961896E-3	3.907949E-1	1.057570E-1
4.037500E+1	4.958407E-3	3.648024E-1	-1.750108E-2
4.048750E+1	5.168658E-3	4.028462E-1	7.045620E-2
4.060000E+1	3.812711E-3	2.018742E-1	-6.042388E-2
4.071250E+1	4.562409E-3	2.246110E-1	-1.015750E-1
4.082500E+1	4.263204E-3	4.081888E-1	4.252806E-2
4.093750E+1	4.335176E-3	2.689074E-1	-7.003304E-2
4.105000E+1	3.441823E-3	4.046713E-1	2.567532E-2
4.116250E+1	4.068039E-3	2.020564E-1	3.726973E-2
4.127500E+1	4.440482E-3	3.161359E-1	-5.257915E-2
4.138750E+1	4.725228E-3	2.957754E-1	-3.795073E-2
4.150000E+1	4.123107E-3	3.473890E-1	7.543251E-2
4.161250E+1	4.290646E-3	2.670511E-1	-4.441810E-2
4.172500E+1	4.108763E-3	2.165291E-1	4.109030E-2
4.183750E+1	4.014339E-3	3.231740E-1	-9.247355E-2
4.195000E+1	4.019692E-3	1.788172E-1	1.463800E-1
4.206250E+1	4.451300E-3	2.453284E-1	-1.115214E-1
4.217500E+1	2.882872E-3	3.917696E-1	-1.582932E-2
4.228750E+1	3.836033E-3	2.253193E-1	5.689635E-2
4.240000E+1	2.961567E-3	2.261908E-1	-1.910242E-2
4.251250E+1	3.616856E-3	3.021372E-1	6.315606E-2
4.262500E+1	3.620317E-3	1.684397E-1	-4.235185E-2
4.273750E+1	3.213232E-3	2.547484E-1	-1.167910E-2
4.285000E+1	4.008598E-3	2.595615E-1	5.641318E-2
4.296250E+1	3.870703E-3	3.264083E-1	-6.094013E-2
4.307500E+1	3.427085E-3	2.520320E-1	-2.703401E-2
4.318750E+1	3.634025E-3	2.141597E-1	3.827817E-2
4.330000E+1	3.741581E-3	2.726249E-1	-1.711598E-1
4.341250E+1	3.527606E-3	2.624151E-1	2.202816E-2
4.352500E+1	3.495880E-3	3.015076E-1	1.736077E-2
4.363750E+1	3.830037E-3	4.300134E-1	-4.921961E-4
4.375000E+1	3.501391E-3	1.455109E-1	4.162858E-2
4.386250E+1	3.009362E-3	2.187313E-1	-4.438001E-2
4.397500E+1	3.581318E-3	2.475275E-1	8.262281E-2
4.408750E+1	3.994111E-3	4.296849E-1	-1.316372E-1
4.420000E+1	3.605179E-3	1.486515E-1	-5.228904E-2
4.431250E+1	4.427164E-3	2.714542E-1	1.546605E-1
4.442500E+1	3.691272E-3	2.764612E-1	-1.663218E-1
4.453750E+1	2.795638E-3	2.458341E-1	2.003022E-1
4.465000E+1	3.630267E-3	2.750390E-1	-7.833625E-3
4.476250E+1	4.063515E-3	2.962114E-1	9.422503E-3
4.487500E+1	3.680795E-3	2.384416E-1	-1.020259E-1
4.498750E+1	3.223934E-3	3.323624E-1	-8.082877E-3
4.510000E+1	3.554194E-3	1.305854E-1	6.186825E-3
4.521250E+1	3.287692E-3	2.911799E-1	7.702705E-2
4.532500E+1	2.881321E-3	1.490009E-1	-3.651518E-2
4.543750E+1	3.078247E-3	2.439155E-1	7.421988E-2
4.555000E+1	3.954514E-3	3.255997E-1	-2.401057E-2
4.566250E+1	3.381757E-3	1.717004E-1	6.395649E-2
4.577500E+1	3.352159E-3	3.263231E-1	-2.499595E-2
4.588750E+1	2.837462E-3	1.500362E-1	-2.540995E-2
4.600000E+1	3.457399E-3	1.701038E-1	-1.066211E-2
4.611250E+1	3.806583E-3	2.653622E-1	-5.323154E-2
4.622500E+1	3.045889E-3	1.443263E-1	-2.731055E-2
4.633750E+1	3.757421E-3	1.290649E-1	2.676071E-2
4.645000E+1	3.627349E-3	1.577157E-1	-2.967307E-3
4.656250E+1	4.002885E-3	3.081757E-1	-6.321807E-2
4.667500E+1	3.264869E-3	2.084043E-1	1.415180E-1
4.678750E+1	3.848180E-3	2.244385E-1	-3.052253E-2
4.690000E+1	3.898142E-3	1.944474E-1	6.865785E-2
4.701250E+1	3.805427E-3	1.484601E-1	5.505140E-2
4.712500E+1	3.631833E-3	1.916796E-1	5.203049E-2
4.723750E+1	3.587015E-3	2.126558E-1	-1.315900E-1
4.735000E+1	3.014006E-3	2.421681E-1	1.405576E-1
4.746250E+1	3.594036E-3	1.170253E-1	2.805117E-2
4.757500E+1	3.844232E-3	2.257084E-1	-9.752046E-3
4.768750E+1	3.851720E-3	2.795986E-1	5.058587E-2
4.780000E+1	3.337468E-3	2.269953E-1	2.811407E-2
4.791250E+1	3.193608E-3	1.685535E-1	6.015151E-2
4.802500E+1	3.507673E-3	2.073499E-1	-4.243309E-2
4.813750E+1	2.955768E-3	1.096436E-1	-3.433191E-2
4.825000E+1	3.998581E-3	1.613616E-1	-3.910273E-3
4.836250E+1	3.105648E-3	1.636322E-1	-1.089967E-2
4.847500E+1	3.221995E-3	1.051938E-1	-3.789964E-2
4.858750E+1	3.546912E-3	2.748285E-1	2.509629E-2
4.870000E+1	3.051716E-3	1.416916E-1	-2.606085E-2
4.881250E+1	3.185038E-3	1.341808E-1	4.326820E-2
4.892500E+1	2.967366E-3	3.657889E-1	1.273976E-1
4.903750E+1	3.121981E-3	1.264570E-1	-1.187180E-1
4.915000E+1	3.260117E-3	3.001462E-1	1.249600E-1
4.926250E+1	3.028946E-3	2.135936E-1	-2.419613E-2
4.937500E+1	3.328347E-3	1.343061E-1	-2.452998E-2
4.948750E+1	2.670664E-3	1.822017E-1	5.935075E-2
4.960000E+1	3.254166E-3	1.627509E-1	-4.254907E-3
4.971250E+1	3.312927E-3	1.520989E-1	3.341749E-2
4.982500E+1	4.082664E-3	1.101754E-1	5.638107E-2
4.993750E+1	4.592854E-3	2.354982E-1	-1.038228E-1
5.005000E+1	3.736957E-3	7.320905E-2	-2.109155E-2
5.016250E+1	3.406815E-3	1.690274E-1	5.041624E-2
5.027500E+1	3.947108E-3	1.585767E-1	1.004948E-1
5.038750E+1	4.120599E-3	1.734253E-1	3.374549E-2
5.050000E+1	5.545229E-3	1.221189E-1	9.659593E-2
5.061250E+1	4.294582E-3	2.949772E-1	2.146646E-1
5.072500E+1	4.445203E-3	2.069808E-1	9.081623E-3
5.083750E+1	4.771542E-3	1.012660E-1	4.112161E-2
5.095000E+1	4.917952E-3	2.715231E-1	2.197471E-1
5.106250E+1	4.732029E-3	3.223554E-1	-9.060760E-2
5.117500E+1	4.111864E-3	7.312129E-2	-1.437949E-3
5.128750E+1	4.222137E-3	1.917925E-1	5.801714E-2
5.140000E+1	5.106338E-3	1.323207E-1	2.196333E-2
5.151250E+1	3.969410E-3	1.703713E-1	1.552202E-2
5.162500E+1	4.024081E-3	2.238622E-1	1.527485E-2
5.173750E+1	4.528038E-3	1.111821E-1	1.103101E-1
5.185000E+1	3.535356E-3	2.006472E-1	7.345624E-2
5.196250E+1	4.475562E-3	2.369506E-1	-4.801978E-2
5.207500E+1	3.893945E-3	2.151355E-1	-1.805465E-2
5.218750E+1	3.293032E-3	2.383014E-1	-9.781134E-3
5.230000E+1	2.977113E-3	1.995670E-1	4.747729E-2
5.241250E+1	3.277921E-3	1.143379E-1	-3.764182E-2
5.252500E+1	2.776459E-3	1.300108E-1	3.937777E-2
5.263750E+1	2.548990E-3	1.707721E-1	4.616218E-2
5.275000E+1	3.287988E-3	1.164890E-1	7.063825E-2
5.286250E+1	2.932436E-3	1.977986E-1	5.903629E-2
5.297500E+1	3.347486E-3	1.848836E-1	6.694168E-3
5.308750E+1	2.807525E-3	1.321785E-1	1.073530E-2
5.320000E+1	2.757979E-3	9.447147E-2	-2.458711E-3
5.331250E+1	2.652215E-3	1.432644E-1	2.939351E-2
5.342500E+1	2.677693E-3	1.554149E-1	4.308204E-3
5.353750E+1	2.449675E-3	1.150927E-1	2.139987E-2
5.365000E+1	2.646711E-3	7.425765E-2	2.698811E-2
5.376250E+1	3.037864E-3	1.754719E-1	6.648020E-2
5.387500E+1	2.777151E-3	1.366527E-1	-8.612581E-3
5.398750E+1	2.447798E-3	1.404095E-1	5.397462E-2
5.410000E+1	2.375545E-3	2.112511E-1	-2.127533E-2
5.421250E+1	2.155475E-3	9.620117E-2	-4.409036E-2
5.432500E+1	2.245784E-3	1.809430E-1	2.652844E-2
5.443750E+1	1.953082E-3	2.374706E-1	1.089285E-1
5.455000E+1	2.420900E-3	9.568784E-2	-5.045885E-2
5.466250E+1	2.165746E-3	1.352659E-1	-7.747274E-2
5.477500E+1	2.202731E-3	1.779189E-1	7.366867E-2
5.488750E+1	2.221803E-3	1.279283E-1	8.264106E-2
5.500000E+1	2.536124E-3	1.950831E-1	-3.784890E-2
