# BEGINHEADER
# This file contains data from the SALSA 2m radio telescope.
# DATE=2025-03-12T09:56:0005
# GLON and GLAT given in degrees
# GLON=54.73613289264602
# GLAT=0.19950533669925213
# DATA in two columns below. Col. 1 is velocity relative to LSR [km/s]. Col. 2 is uncalibrated antenna temperature [K].
# ENDHEADER
301.53179925268597 7.043939725883105
299.4706553020873 16.237070628069677
297.40951135148873 14.378361703469574
295.34836740089 14.643961084664154
293.2872234502914 12.802996259893847
291.2260794996928 15.152251333650213
289.16493554909414 14.581110796175428
287.1037915984955 12.791181806043959
285.04264764789684 11.023011883925864
282.9815036972982 18.20668715804667
280.9203597466996 20.164714333707757
278.8592157961009 11.58912151874746
276.7980718455023 13.866567948186564
274.73692789490366 12.780855414915662
272.67578394430495 12.953244755175152
270.61463999370636 11.78851326822946
268.5534960431077 13.29004458110433
266.4923520925091 11.459934513430069
264.4312081419104 13.77033091990551
262.37006419131177 13.371766262806023
260.3089202407131 11.774740490086947
258.24777629011453 9.91676282050873
256.1866323395159 9.845767836409445
254.12548838891723 13.90138586603216
252.0643444383186 14.664327465054498
250.00320048771994 12.419494338933768
247.94205653712132 16.87277470994539
245.88091258652267 14.853307456461309
243.81976863592405 14.73434618800741
241.75862468532537 13.47212486757542
239.69748073472675 11.494411512089389
237.6363367841281 10.866800287212358
235.57519283352946 12.478598896738754
233.51404888293084 8.157384867961472
231.45290493233216 15.776234820315594
229.39176098173354 17.20033352320619
227.3306170311349 9.04638989430849
225.26947308053627 10.420579995162496
223.20832912993762 12.985805375103148
221.14718517933898 14.107664312379976
219.08604122874033 13.749776012247553
217.0248972781417 11.76267461565995
214.96375332754306 11.197091736318605
212.9026093769444 11.793414172739249
210.84146542634576 14.025042472399258
208.78032147574714 12.742041403934124
206.7191775251485 8.709742304216665
204.65803357454988 9.473988049065314
202.5968896239512 12.683116561913758
200.53574567335258 19.736809018243022
198.47460172275393 13.365823484062975
196.4134577721553 14.669494179637049
194.35231382155666 13.103926604992807
192.29116987095802 10.083162267993321
190.2300259203594 13.246257373407762
188.16888196976075 14.363191308228249
186.1077380191621 11.455702907961223
184.04659406856345 9.051413808337296
181.98545011796483 9.711794375656773
179.92430616736618 13.722832820776329
177.86316221676756 7.29671350828709
175.8020182661689 14.579290294035449
173.74087431557027 13.484015988217452
171.67973036497162 13.093282172714213
169.618586414373 15.67938351698468
167.55744246377435 12.546912337672639
165.4962985131757 10.703631880051462
163.43515456257705 14.58321134035457
161.37401061197843 8.830556554369455
159.3128666613798 15.960603627075988
157.25172271078114 16.34291538160945
155.1905787601825 13.48441027027785
153.12943480958384 16.191055483706457
151.06829085898522 12.693167776756267
149.00714690838657 12.849272074199819
146.94600295778793 12.52194289278169
144.88485900718928 12.220646977190436
142.82371505659066 12.919248575459749
140.762571105992 8.101015681100941
138.7014271553934 11.533868845404495
136.6402832047947 11.771880910459453
134.5791392541961 9.854446063403078
132.51799530359744 10.788896583833774
130.4568513529988 14.82357707454519
128.39570740240018 10.425303623649071
126.33456345180153 11.191654225594956
124.27341950120288 6.413629385605745
122.21227555060425 9.041041944583272
120.1511316000056 13.053096820718944
118.08998764940696 7.1593461448021065
116.02884369880833 14.254963687170614
113.96769974820968 12.560829614429634
111.90655579761105 9.40994684294721
109.8454118470124 14.401913620915863
107.78426789641377 11.440841586297246
105.72312394581512 11.577474240037793
103.66197999521648 11.425884874597235
101.60083604461785 9.550335554071003
99.53969209401919 11.249372799105332
97.47854814342054 9.12682912946956
95.41740419282189 8.374387873166985
93.35626024222326 8.4800317250225
91.29511629162462 13.757764432047976
89.23397234102598 10.836381292101862
87.17282839042734 13.622288411077124
85.1116844398287 13.801932879844559
83.05054048923006 8.18109050618667
80.98939653863142 10.528722001393328
78.92825258803278 12.231832865331098
76.86710863743414 14.041813610930376
74.8059646868355 12.281177160106342
72.74482073623686 10.426121585289495
70.68367678563821 15.42279224313302
68.62253283503958 17.41847442028921
66.56138888444094 18.775848139027794
64.5002449338423 24.18699280359137
62.43910098324365 32.48235015850695
60.377957032645014 35.979560791693714
58.31681308204637 42.38401259358868
56.25566913144773 50.70255339151806
54.19452518084909 47.45201319818637
52.13338123025044 59.4466274650423
50.0722372796518 67.87305772095378
48.01109332905317 63.280146604281526
45.94994937845453 72.36462440048118
43.888805427855885 72.88596028491519
41.82766147725725 81.41867272033855
39.76651752665861 75.52375484819365
37.70537357605997 71.50843893525676
35.64422962546133 77.96432508197917
33.58308567486269 76.08390646808422
31.521941724264046 82.14717040188391
29.460797773665405 74.54143437471028
27.39965382306676 75.00589413637505
25.338509872468123 71.8740822174631
23.27736592186948 79.19108558957718
21.21622197127084 83.0187481076327
19.1550780206722 81.22933573797718
17.09393407007356 82.121456474469
15.032790119474917 78.48778753880924
12.971646168876278 84.03411697492822
10.910502218277635 96.94441307167988
8.849358267678994 103.42952888670868
6.788214317080354 99.85124568018078
4.727070366481714 88.40035803908584
2.6659264158830727 82.66444512452054
0.6047824652844316 71.53458028616924
-1.4563614853142093 62.65690007009505
-3.5175054359128497 52.642534292036835
-5.57864938651149 44.937208829115576
-7.639793337110132 38.95845552275746
-9.700937287708772 31.457194002737356
-11.762081238307413 35.82113413648031
-13.823225188906052 29.749194815816814
-15.884369139504694 21.50897903489206
-17.945513090103333 22.79541402528358
-20.006657040701977 22.650669172830554
-22.06780099130062 20.943707919289132
-24.128944941899256 26.688410810052517
-26.190088892497897 20.594219128102328
-28.25123284309654 24.235600870759328
-30.31237679369518 24.3615672037746
-32.37352074429382 25.041134954016517
-34.43466469489246 26.53354055870625
-36.4958086454911 30.858822700958893
-38.556952596089744 35.67333616676855
-40.61809654668838 34.03377378039776
-42.67924049728702 35.078678354834466
-44.74038444788567 40.10290552738679
-46.80152839848431 37.61074137973138
-48.86267234908295 38.75184825163211
-50.92381629968159 43.588782929702724
-52.98496025028023 46.911108707459576
-55.04610420087887 49.30459270935737
-57.10724815147751 46.254396598805776
-59.168392102076155 41.60606746157848
-61.229536052674796 47.34688151294432
-63.290680003273444 42.918641545765524
-65.35182395387207 40.40761660719939
-67.41296790447072 36.011412436509204
-69.47411185506937 31.265212627821498
-71.535255805668 28.081913159970817
-73.59639975626663 26.72093297822062
-75.65754370686528 30.2946698809586
-77.71868765746392 22.85325037619644
-79.77983160806257 23.095286810246755
-81.8409755586612 20.895655021840764
-83.90211950925985 20.521623902012244
-85.96326345985848 24.329306987361914
-88.02440741045712 17.80760531037516
-90.08555136105576 20.286937605673955
-92.1466953116544 18.557574855070737
-94.20783926225306 16.092425230741597
-96.2689832128517 15.495149887778004
-98.33012716345034 11.00534361111441
-100.39127111404896 12.16340532708862
-102.45241506464761 13.702997735735043
-104.51355901524624 15.795367176214294
-106.57470296584488 11.073846910830508
-108.63584691644353 20.717933377565007
-110.69699086704216 18.8540289370211
-112.75813481764081 16.580140834504295
-114.81927876823944 15.76255774608787
-116.88042271883809 14.994752717375517
-118.94156666943672 13.54376904997683
-121.00271062003536 12.515766921565362
-123.063854570634 13.830900737161459
-125.12499852123264 13.698108725668638
-127.18614247183129 13.906689668433494
-129.24728642242994 10.290546432973805
-131.30843037302856 12.985509932129649
-133.3695743236272 14.806673430990116
-135.43071827422585 17.753325156428076
-137.4918622248245 16.8228823589507
-139.55300617542312 14.319386743294336
-141.61415012602177 16.62711237371957
-143.67529407662042 18.42495063943068
-145.73643802721907 13.024539670530464
-147.79758197781769 12.271689614642405
-149.85872592841633 16.22769541635514
-151.91986987901498 16.848639084470506
-153.98101382961363 14.968761219199603
-156.04215778021228 17.21185188514391
-158.1033017308109 12.985141047231151
-160.16444568140955 16.804188696078025
-162.22558963200817 17.958207571858782
-164.28673358260684 14.274389175106144
-166.34787753320546 15.885708610445661
-168.4090214838041 17.517194298010512
-170.47016543440273 15.462475147993052
-172.5313093850014 18.721759574810577
-174.59245333560003 12.26554098153764
-176.65359728619867 15.090260643865518
-178.7147412367973 14.542196678833871
-180.77588518739594 18.716452057064632
-182.8370291379946 16.53411067835489
-184.89817308859324 19.339528714799883
-186.95931703919186 19.755519670441387
-189.0204609897905 17.82576631612018
-191.08160494038916 22.625917835868034
-193.1427488909878 17.500255880862284
-195.20389284158645 15.07608227472696
-197.26503679218507 18.306360003735804
-199.32618074278375 13.57667095822869
-201.38732469338237 14.525067847652016
-203.44846864398102 14.798030624213755
-205.50961259457966 17.82406744828389
-207.5707565451783 23.12776636552166
-209.63190049577693 15.828927061641572
-211.69304444637558 16.575976506146198
-213.75418839697423 16.25188929806126
-215.81533234757288 13.458133193372134
-217.8764762981715 14.093672775509576
-219.93762024877014 14.212115492300908
-221.99876419936876 14.528142302724683
-224.05990814996744 9.880417330711156
