# BEGINHEADER
# This file contains data from the SALSA 2m radio telescope.
# DATE=2025-03-12T09:56:0058
# GLON and GLAT given in degrees
# GLON=50.02889998573987
# GLAT=0.1782014017560825
# DATA in two columns below. Col. 1 is velocity relative to LSR [km/s]. Col. 2 is uncalibrated antenna temperature [K].
# ENDHEADER
303.3129656846088 7.421211841419455
301.25182173401015 13.399464277714173
299.1906777834115 14.429957917591814
297.12953383281285 15.298286952854385
295.0683898822142 13.930104507525186
293.0072459316156 12.61317798587466
290.9461019810169 13.497316004792648
288.8849580304183 14.92589878821873
286.82381407981967 11.796872740834859
284.762670129221 15.491134399421918
282.7015261786224 10.84901459301002
280.6403822280237 12.345795888775326
278.57923827742513 11.180516317380233
276.5180943268265 12.289167733049688
274.4569503762278 14.404178570299438
272.3958064256292 8.218138171431667
270.33466247503054 10.837126129483977
268.27351852443184 14.022320344785486
266.21237457383324 13.280504627877828
264.1512306232346 13.110613301913508
262.09008667263595 9.646114082890444
260.0289427220373 11.285747016542025
257.9677987714387 15.104075421144216
255.90665482084006 15.53484539314617
253.84551087024138 18.667493547172047
251.78436691964276 12.032809088639745
249.72322296904412 14.683855065987863
247.6620790184455 14.772259958564257
245.60093506784685 11.568381749951273
243.5397911172482 16.500477890145078
241.47864716664955 12.10342977703058
239.41750321605093 9.23029211810504
237.35635926545228 10.242883551530198
235.29521531485366 13.377280138255554
233.234071364255 8.486874272190436
231.17292741365634 14.692452835491826
229.11178346305772 8.31605535891651
227.05063951245907 9.8227362731449
224.98949556186045 9.954853575751544
222.92835161126177 13.549079897127971
220.86720766066315 10.651269219970438
218.8060637100645 13.715284520175047
216.7449197594659 12.590313271162078
214.6837758088672 8.238556830834593
212.6226318582686 12.883489754281953
210.56148790766994 11.4218706049786
208.50034395707132 9.45253737939198
206.43920000647267 11.25269182571583
204.37805605587403 9.770353459417331
202.31691210527538 10.089985598114637
200.25576815467676 11.568499559483607
198.1946242040781 11.954489434626836
196.1334802534795 17.5048738534417
194.0723363028808 7.980468730159851
192.01119235228217 12.042954813030882
189.95004840168355 12.739591071665583
187.8889044510849 11.496584068010351
185.82776050048625 11.18143386234328
183.7666165498876 10.737784076211188
181.70547259928898 10.743052835699814
179.64432864869033 6.530188131153072
177.5831846980917 13.365669175699677
175.52204074749304 15.852842248216156
173.46089679689442 13.585960013841266
171.39975284629577 5.232913675242476
169.33860889569715 12.623781815685616
167.2774649450985 11.923153446176018
165.21632099449985 6.98489483940795
163.1551770439012 10.462405880798462
161.09403309330258 11.100710566243343
159.03288914270394 9.07458334108508
156.97174519210526 7.984883497543505
154.91060124150664 11.596779896542506
152.849457290908 7.805151057157859
150.78831334030937 9.358119159822715
148.72716938971072 11.159589195290094
146.66602543911208 11.697670755439244
144.60488148851343 11.424879949158028
142.5437375379148 11.77561267278146
140.48259358731616 9.29857683247137
138.42144963671754 8.982850346353548
136.36030568611886 12.603531204299463
134.29916173552024 14.329845877741471
132.2380177849216 9.75687297393255
130.17687383432295 10.604743794145797
128.11572988372433 9.27225278268477
126.05458593312568 12.190016180409218
123.99344198252703 13.432587873345806
121.9322980319284 12.971494906991232
119.87115408132975 13.403678281627178
117.81001013073111 6.735735295402928
115.74886618013247 6.901747207209647
113.68772222953383 10.863427435718368
111.6265782789352 5.733071963329213
109.56543432833655 12.220791365425114
107.50429037773792 8.405490623901452
105.44314642713927 10.676647091605862
103.38200247654063 10.226303669620354
101.32085852594199 10.239546888458648
99.25971457534335 9.286816999243428
97.1985706247447 9.825137656342429
95.13742667414606 7.493907084139075
93.07628272354742 14.164428169996595
91.01513877294877 11.000816578064539
88.95399482235014 11.0174520832264
86.8928508717515 8.975338499939408
84.83170692115286 10.68282711188964
82.77056297055422 11.064511112334449
80.70941901995558 14.416891192018571
78.64827506935694 16.786432466384237
76.5871311187583 18.36240642786786
74.52598716815966 24.584997257420547
72.46484321756103 26.632535404945603
70.40369926696238 32.0201243386533
68.34255531636374 37.646042022669036
66.2814113657651 50.57411416528877
64.22026741516646 55.29624297284991
62.15912346456781 63.378497898053055
60.09797951396917 70.36132569420923
58.03683556337053 77.86358850345141
55.97569161277189 83.37260948385713
53.91454766217325 88.1000995573504
51.853403711574614 90.79070861600731
49.792259760975966 89.94467677394425
47.731115810377325 89.99038174605072
45.669971859778684 86.48084448618421
43.60882790918004 81.63939939245238
41.5476839585814 76.2224400937546
39.48654000798276 63.05207891506341
37.42539605738413 62.04815089538445
35.364252106785486 62.49151804313901
33.303108156186845 60.62950990163315
31.2419642055882 62.35400706011326
29.18082025498956 67.19380694536719
27.11967630439092 73.72005284535413
25.058532353792277 80.54836949045281
22.997388403193636 81.81994991073839
20.936244452594995 84.50099331856242
18.875100501996354 82.88398061206036
16.813956551397713 82.85684827038754
14.752812600799073 85.16511577715217
12.69166865020043 85.53311767845567
10.630524699601791 88.60202046985208
8.56938074900315 92.19974416108279
6.50823679840451 99.93689291360884
4.4470928478058696 96.6308850906656
2.385948897207228 78.43494583457999
0.3248049466085874 63.409275630200554
-1.7363390039900535 49.18252442581716
-3.797482954588694 35.16499589097188
-5.858626905187335 29.129942978114684
-7.919770855785975 25.94166228589442
-9.980914806384616 25.407050178283413
-12.042058756983257 23.143702227114236
-14.103202707581898 17.862115766997412
-16.16434665818054 17.335255837645413
-18.22549060877918 19.7382852806806
-20.28663455937782 19.37233516409159
-22.347778509976465 23.19965089983838
-24.408922460575106 20.87423782665578
-26.470066411173743 20.856614762137962
-28.53121036177238 26.830828333476326
-30.59235431237102 30.39361081447181
-32.65349826296966 30.695219042057523
-34.714642213568304 31.371718829845125
-36.775786164166945 31.282017575787584
-38.836930114765586 39.88742263670305
-40.89807406536423 36.901114123890196
-42.95921801596287 35.455130690675034
-45.0203619665615 41.52957288961038
-47.08150591716015 41.177707399668236
-49.14264986775879 42.182989860149604
-51.20379381835743 42.90941933464724
-53.264937768956074 43.691851771075875
-55.326081719554715 39.97557781730405
-57.387225670153356 42.23938684137331
-59.44836962075199 38.053781139889786
-61.50951357135063 36.68380453663868
-63.57065752194927 33.69429973055533
-65.63180147254792 30.750386265336722
-67.69294542314655 29.089720471582222
-69.7540893737452 29.001334273949954
-71.81523332434384 23.373207374529418
-73.87637727494248 28.258319842701322
-75.93752122554112 22.594124603415462
-77.99866517613977 17.19977551169612
-80.0598091267384 19.491634380598345
-82.12095307733703 17.690508054596773
-84.18209702793568 18.071878981114534
-86.24324097853432 19.461229166729314
-88.30438492913296 15.030955403633417
-90.3655288797316 15.061513467731404
-92.42667283033023 15.209927859409891
-94.48781678092888 10.88538775828027
-96.54896073152753 16.002263766935087
-98.61010468212618 16.205528731610645
-100.67124863272481 15.091312291046933
-102.73239258332346 16.820931365161837
-104.7935365339221 16.840106311464208
-106.85468048452073 13.323399110378457
-108.91582443511938 15.072475335871445
-110.97696838571801 10.631473893504449
-113.03811233631666 14.288508222807184
-115.09925628691529 17.991079951884377
-117.16040023751394 12.101910402048178
-119.22154418811257 15.09706070039997
-121.28268813871121 17.754323595733744
-123.34383208930986 13.735398627312211
-125.40497603990849 15.993698960323504
-127.46611999050714 16.094455863219956
-129.5272639411058 14.792236555050211
-131.5884078917044 18.60245401229655
-133.64955184230308 15.420112015183408
-135.7106957929017 17.696039302766657
-137.77183974350035 16.54792771840147
-139.83298369409897 12.962971764513435
-141.89412764469762 11.531630898242758
-143.95527159529627 15.866218285958395
-146.01641554589492 17.944894154600604
-148.07755949649354 13.411577878798207
-150.13870344709218 17.366153404324997
-152.1998473976908 15.422123776994473
-154.26099134828948 17.49278277863787
-156.32213529888813 12.421973384947062
-158.38327924948675 17.315210796434535
-160.4444232000854 16.02591006366381
-162.50556715068402 19.897481261696896
-164.5667111012827 21.30954012726116
-166.6278550518813 12.105726556280123
-168.68899900247996 17.96100971352831
-170.75014295307858 19.130744212754905
-172.81128690367726 16.5261415277567
-174.87243085427588 18.941542538464226
-176.93357480487452 15.532242252194933
-178.99471875547314 15.979859485042367
-181.0558627060718 18.217125359981413
-183.11700665667044 14.992571837850873
-185.1781506072691 20.85183919463311
-187.2392945578677 21.533954885137437
-189.30043850846636 15.268179854983462
-191.36158245906498 17.902064734356905
-193.42272640966365 15.865822052701905
-195.4838703602623 11.679875840287584
-197.54501431086092 15.92779358194527
-199.60615826145957 17.44645525276426
-201.66730221205822 16.012390705578653
-203.72844616265687 17.80024100354404
-205.78959011325549 14.364844013341212
-207.85073406385413 16.69903560864321
-209.91187801445275 13.81147524654845
-211.97302196505143 13.62086659940817
-214.03416591565005 22.526562576817724
-216.0953098662487 17.72260074575122
-218.15645381684732 15.008359404912682
-220.21759776744597 15.42264037863713
-222.2787417180446 15.073065466207668
