# BEGINHEADER
# This file contains data from the SALSA 2m radio telescope.
# DATE=2025-03-12T09:48:0015
# GLON and GLAT given in degrees
# GLON=169.7599839115963
# GLAT=-0.27829646663533536
# DATA in two columns below. Col. 1 is velocity relative to LSR [km/s]. Col. 2 is uncalibrated antenna temperature [K].
# ENDHEADER
228.49430234071775 5.253552250568582
226.43315839011913 16.53152567383004
224.37201443952048 16.5520770440253
222.31087048892186 13.532290913773169
220.2497265383232 13.49445682751566
218.18858258772457 15.058204562442832
216.12743863712592 13.156336956819432
214.0662946865273 11.9620730397357
212.00515073592862 11.969452497806502
209.94400678532998 12.220557132946533
207.88286283473136 9.99439735509126
205.8217188841327 10.996873600790547
203.7605749335341 13.97998544549466
201.6994309829354 12.012344369165538
199.6382870323368 11.943303541211941
197.57714308173811 12.620893696052304
195.5159991311395 14.029372042612733
193.45485518054085 13.755263011591902
191.39371122994223 9.76228806556701
189.33256727934355 9.232446955517695
187.27142332874493 12.913231951700757
185.21027937814628 10.571761865844389
183.14913542754766 9.626337274646078
181.08799147694901 10.356031021388773
179.02684752635037 13.397597515209144
176.96570357575172 11.453081473305264
174.9045596251531 12.72744407861325
172.84341567455445 12.530100752961602
170.78227172395577 14.597827353947096
168.72112777335715 12.701273210780567
166.6599838227585 10.637247524007975
164.59883987215989 15.177222460615786
162.53769592156124 16.04908980507515
160.4765519709626 10.092501411071066
158.41540802036394 15.65995811120634
156.35426406976532 11.761270674814106
154.29312011916667 12.76610063330385
152.23197616856805 11.042978403561294
150.17083221796938 10.72558887884731
148.10968826737076 13.811985344995657
146.0485443167721 13.94464558764011
143.9874003661735 10.138273853618054
141.92625641557484 10.199992815266341
139.8651124649762 13.424791858083175
137.80396851437754 11.835502571654013
135.74282456377892 12.043367342964187
133.68168061318028 8.149460219568178
131.6205366625816 11.264939305304825
129.55939271198298 16.055893353906992
127.49824876138435 12.157468205878619
125.43710481078571 9.662897111479438
123.37596086018706 13.813088812141057
121.31481690958843 9.314132833663749
119.25367295898978 11.552497211569829
117.19252900839115 14.899996721425282
115.13138505779249 14.606270227069434
113.07024110719385 9.503753002574333
111.00909715659522 14.524332714546116
108.94795320599657 13.306559399952683
106.88680925539794 13.27357151348969
104.82566530479929 11.82544564947628
102.76452135420065 10.919462144864445
100.70337740360202 12.502686103379375
98.64223345300339 16.39597578185781
96.58108950240474 14.807640078986598
94.5199455518061 7.4583754719250654
92.45880160120747 10.828508056211248
90.39765765060882 12.009459710360797
88.33651370001019 7.875022401133455
86.27536974941154 11.054779189218715
84.2142257988129 7.267012607141642
82.15308184821426 12.126552075821841
80.09193789761562 10.51738077637292
78.03079394701699 7.111892972567466
75.96964999641833 13.512314224698962
73.90850604581969 13.413543452406337
71.84736209522104 10.891579727732998
69.78621814462241 7.517863689050619
67.72507419402376 14.820874123850096
65.66393024342513 14.558935161031432
63.60278629282649 11.462307632678051
61.541642342227846 11.224631709657494
59.480498391629204 12.47596888271017
57.41935444103057 8.134403250280874
55.35821049043193 11.040977129129407
53.29706653983329 15.41045023654714
51.23592258923465 10.791328897313244
49.174778638636006 13.494123792484604
47.11363468803736 9.855155715899121
45.052490737438724 9.228177424866574
42.99134678684008 10.2817654874836
40.93020283624144 7.11660623812053
38.8690588856428 14.357166379873737
36.80791493504416 15.49500214829246
34.74677098444552 11.621450958725175
32.68562703384688 6.887927715429578
30.624483083248236 12.034090454897287
28.563339132649595 12.71413574726592
26.502195182050958 7.06134259058339
24.441051231452313 10.110235936176123
22.379907280853672 10.824727597133286
20.31876333025503 7.57699992494128
18.25761937965639 10.897861737002145
16.19647542905775 17.181871913482453
14.13533147845911 18.653319451128336
12.074187527860468 16.563373839497807
10.013043577261827 30.11326299198583
7.951899626663187 41.12659232478742
5.890755676064546 60.44191306084491
3.829611725465905 71.03813328110746
1.7684677748672646 82.0463859959178
-0.29267617573137633 89.16999028958007
-2.353820126330017 93.52562276307775
-4.414964076928658 103.19582694670653
-6.476108027527299 107.79317980557136
-8.53725197812594 111.63536574643503
-10.59839592872458 114.55487579397564
-12.659539879323221 110.10658492656484
-14.720683829921862 108.76351450712032
-16.781827780520505 103.83384086987552
-18.842971731119142 92.21492472454432
-20.904115681717784 89.83698076672977
-22.965259632316425 77.4171544824064
-25.026403582915066 73.52050385753618
-27.087547533513703 67.086513582945
-29.148691484112344 55.85516745991263
-31.209835434710985 52.30035926377149
-33.27097938530963 38.636382721292264
-35.33212333590827 28.67759637587707
-37.393267286506905 31.008668313335836
-39.454411237105546 21.391433674183624
-41.51555518770419 22.643081951195402
-43.57669913830283 21.326516996019134
-45.63784308890147 20.797176344073424
-47.69898703950011 17.258885577726765
-49.76013099009876 14.340217187492456
-51.82127494069739 17.408513906149917
-53.882418891296034 13.0373640928471
-55.943562841894675 16.790665921796165
-58.004706792493316 14.697417011749828
-60.06585074309196 11.467654328567503
-62.1269946936906 9.87776395816239
-64.18813864428924 11.164874440613653
-66.24928259488787 15.996947244583922
-68.31042654548652 17.072782856139863
-70.37157049608516 10.711741234757838
-72.43271444668379 11.32549910834951
-74.49385839728244 12.247317979148933
-76.55500234788107 13.245798453327343
-78.61614629847973 15.36940431616879
-80.67729024907837 15.297217862558975
-82.73843419967702 11.747261527330023
-84.79957815027565 13.085998665984112
-86.86072210087428 13.363909539570853
-88.92186605147293 9.338507123693407
-90.98301000207157 13.535258168868198
-93.04415395267021 12.244094680534868
-95.10529790326885 11.542719506536692
-97.1664418538675 13.952054415459076
-99.22758580446614 10.864366589229569
-101.28872975506478 12.725862534579306
-103.34987370566343 11.195868924230048
-105.41101765626206 13.445649117020633
-107.4721616068607 11.663630442320374
-109.53330555745934 13.08084421652894
-111.59444950805798 6.502633982678043
-113.65559345865663 8.480637014539875
-115.71673740925526 10.267212374582787
-117.77788135985392 10.843455682498092
-119.83902531045256 11.952768757219605
-121.90016926105119 12.18198204842682
-123.96131321164984 14.157796652049033
-126.02245716224847 15.30508955323111
-128.0836011128471 12.355053682542543
-130.14474506344575 12.980870446958125
-132.2058890140444 14.161037583722198
-134.26703296464302 11.791273767666537
-136.32817691524167 12.475375360018779
-138.38932086584032 11.404248717523345
-140.45046481643897 10.365526535310467
-142.51160876703761 14.840710188772992
-144.57275271763623 15.212393600570474
-146.63389666823488 14.066876454092998
-148.6950406188335 11.684191900406011
-150.75618456943218 10.816349765348406
-152.8173285200308 9.853016685337701
-154.87847247062945 11.507001051377033
-156.93961642122807 10.916999797960964
-159.00076037182674 11.726888203529585
-161.06190432242536 15.548211683968301
-163.123048273024 12.902779515067765
-165.18419222362263 15.586491877490959
-167.24533617422128 12.443303700368174
-169.30648012481993 9.935521448841238
-171.36762407541858 11.35211105006724
-173.4287680260172 13.579039527798775
-175.48991197661584 9.458375891770801
-177.5510559272145 14.378236237311384
-179.61219987781314 12.010314811838583
-181.6733438284118 13.24770597204688
-183.7344877790104 19.648214637681228
-185.79563172960906 9.35887636079269
-187.8567756802077 9.429315667549245
-189.91791963080635 17.510725935902155
-191.97906358140497 14.122734324315122
-194.04020753200362 14.333189522186741
-196.10135148260224 12.404833910511758
-198.16249543320092 13.948546235706575
-200.2236393837995 20.61367205333769
-202.28478333439816 17.419167129890287
-204.34592728499678 16.19590418963139
-206.40707123559545 14.88069602981445
-208.46821518619407 12.079014793389687
-210.52935913679272 11.763834545780417
-212.59050308739134 15.361061453779651
-214.65164703799002 14.141750567623287
-216.71279098858867 15.550799732894685
-218.77393493918728 16.67634660529763
-220.83507888978593 14.294906080461056
-222.89622284038455 14.973809045096877
-224.95736679098323 16.54312787544797
-227.01851074158185 12.663782854980802
-229.0796546921805 14.499371685679227
-231.14079864277912 13.652021084972958
-233.20194259337777 18.2448175551876
-235.2630865439764 14.95550534998684
-237.32423049457506 14.423232395306409
-239.38537444517368 11.90147168255708
-241.44651839577233 16.18803123800756
-243.50766234637098 17.042835109860068
-245.56880629696963 16.175244003103728
-247.62995024756825 18.97163812977826
-249.6910941981669 14.988136931538113
-251.7522381487655 13.46847041759985
-253.8133820993642 15.749661025780894
-255.87452604996284 18.618784935695192
-257.93567000056146 10.442327983900867
-259.9968139511601 9.506256202461383
-262.05795790175875 19.73865285446859
-264.1191018523574 16.109769698878665
-266.180245802956 14.961740309996456
-268.24138975355464 20.621527234251424
-270.30253370415335 16.655303055379893
-272.36367765475194 16.996205752243945
-274.4248216053506 13.643750372059596
-276.4859655559492 18.532951284414597
-278.5471095065479 16.2060162655911
-280.60825345714653 18.728753314259905
-282.6693974077451 18.47609361168846
-284.73054135834377 18.318339618831388
-286.7916853089424 15.497127496733702
-288.85282925954107 18.46505707345112
-290.9139732101397 16.25356881573345
-292.9751171607383 15.332756678349979
-295.036261111337 17.876430608135756
-297.09740506193566 18.15348684154927
