# BEGINHEADER
# This file contains data from the SALSA 2m radio telescope.
# DATE=2025-03-12T09:53:0038
# GLON and GLAT given in degrees
# GLON=64.78693578416059
# GLAT=0.13765888227066836
# DATA in two columns below. Col. 1 is velocity relative to LSR [km/s]. Col. 2 is uncalibrated antenna temperature [K].
# ENDHEADER
296.90114070146666 8.423422970095038
294.839996750868 16.025894688858802
292.77885280026936 13.168806510258735
290.7177088496707 14.511400238138057
288.65656489907207 13.41030724615108
286.5954209484735 14.095823657817457
284.53427699787477 11.35882303405809
282.4731330472761 12.23388024431612
280.41198909667753 12.052380091503103
278.3508451460789 16.83699700222886
276.28970119548023 16.402993157392117
274.2285572448816 12.120397643483217
272.16741329428294 13.091020844244653
270.1062693436843 13.591244945292225
268.04512539308564 12.819819552441988
265.98398144248705 14.064231415019758
263.9228374918884 13.463374879478023
261.86169354128975 14.53970086574006
259.8005495906911 10.9686307755853
257.73940564009246 11.364514933066678
255.6782616894938 14.771431045978133
253.6171177388952 13.370415859359904
251.55597378829654 10.969541187393009
249.49482983769792 14.815316498401037
247.43368588709924 11.821409862141993
245.37254193650062 6.599104201997971
243.31139798590198 11.987069033072501
241.25025403530336 13.275841201097446
239.18911008470468 14.637238553060902
237.12796613410606 8.904924466305303
235.0668221835074 14.12930452202763
233.00567823290876 11.672243885057668
230.94453428231014 10.118738527708468
228.88339033171147 15.763657540639212
226.82224638111285 9.133478078236376
224.7611024305142 11.062089273423975
222.69995847991558 12.775934309045818
220.63881452931693 16.687984323686496
218.57767057871828 11.431570674866986
216.51652662811964 9.457829078693804
214.45538267752102 10.511955354796987
212.39423872692237 11.43463838106445
210.33309477632375 10.843965785853625
208.27195082572507 9.768688291528436
206.21080687512645 7.3222614869283
204.1496629245278 9.148981960705836
202.08851897392918 10.276717160597252
200.0273750233305 14.058901949922925
197.96623107273183 11.421492313239726
195.9050871221332 14.534624148426476
193.84394317153456 8.365735850658748
191.78279922093594 11.952737437104673
189.7216552703373 13.981251071016993
187.66051131973865 14.642136558498574
185.59936736914 15.632614259405196
183.53822341854138 8.816156218376939
181.47707946794273 11.148485318923166
179.4159355173441 7.069393535594664
177.35479156674543 6.875468736473076
175.2936476161468 13.7130233121466
173.23250366554817 13.023533754029229
171.17135971494955 11.461953049416774
169.1102157643509 4.5497490249088
167.04907181375225 14.748424725605476
164.9879278631536 13.545267010022716
162.92678391255498 12.41290682238658
160.86563996195633 9.419678788652558
158.80449601135766 8.648865962855206
156.74335206075904 10.224470876144117
154.6822081101604 11.953706409447895
152.62106415956177 13.9093053419654
150.55992020896312 10.482992789797919
148.49877625836447 15.778698096930036
146.43763230776582 12.45441244411776
144.3764883571672 9.588680304019563
142.31534440656856 11.477572936619653
140.25420045596994 8.238955726333131
138.19305650537126 9.872396216576378
136.13191255477264 11.851617940815972
134.070768604174 12.648113795993517
132.00962465357537 13.301162749262984
129.94848070297672 8.535418864552424
127.88733675237806 7.9606682686420065
125.82619280177943 10.692512153482564
123.7650488511808 13.86864742476097
121.70390490058215 10.202871841974106
119.64276094998351 9.45398154124537
117.58161699938486 11.168929284838988
115.52047304878623 11.384075207822647
113.4593290981876 10.550142775510484
111.39818514758895 9.133339878790682
109.33704119699031 11.334020404157942
107.27589724639166 10.336780719101366
105.21475329579303 9.353715626970773
103.15360934519438 11.70028100620653
101.09246539459575 11.279320437675226
99.0313214439971 13.99687338383753
96.97017749339847 11.755865158185888
94.90903354279982 8.939717683344135
92.84788959220118 11.03589074197397
90.78674564160255 10.699700315362758
88.7256016910039 8.548148788318487
86.66445774040527 11.768675278092768
84.60331378980662 9.150364230629389
82.54216983920799 8.720336855494063
80.48102588860934 13.802209993014042
78.4198819380107 9.970869215850255
76.35873798741207 10.81300644787444
74.29759403681342 14.253714515042665
72.23645008621479 5.60539869415196
70.17530613561614 6.548686204734443
68.1141621850175 11.348292260219631
66.05301823441886 11.581891781002254
63.991874283820216 12.77710256073315
61.930730333221575 15.107596660676531
59.869586382622934 13.807892564128167
57.8084424320243 14.836548447980103
55.74729848142566 13.559137373696027
53.68615453082702 15.491604627100692
51.62501058022838 10.457017996783627
49.56386662962973 13.364271540012913
47.50272267903109 14.018138331623893
45.44157872843245 15.446243941076983
43.380434777833806 18.123876022753272
41.319290827235164 20.033696063057977
39.25814687663652 25.685201530470376
37.19700292603788 25.84494151256512
35.13585897543924 30.49802506457022
33.07471502484061 38.20431780756068
31.01357107424196 42.391036747604176
28.95242712364332 54.60529158390986
26.891283173044677 67.31189444264726
24.830139222446036 77.715129037236
22.7689952718474 84.27402386830278
20.70785132124876 93.09338937438162
18.64670737065012 96.31883079592927
16.585563420051475 106.00651122518032
14.524419469452836 108.52257902501728
12.463275518854196 113.41415479573133
10.402131568255554 116.45054317546106
8.340987617656912 129.0667856866725
6.279843667058272 124.5295442751072
4.218699716459631 113.26170537902328
2.1575557658609905 94.2199941493008
0.09641181526235011 79.8053236002217
-1.964732135336291 74.53404468973348
-4.025876085934931 69.33929337971114
-6.0870200365335725 62.86667630621115
-8.148163987132213 54.42971995227392
-10.209307937730854 50.41862799755501
-12.270451888329495 47.38013655568657
-14.331595838928134 45.82010025496401
-16.392739789526775 43.75344141133808
-18.453883740125416 37.08532761047187
-20.515027690724054 35.18977378678483
-22.5761716413227 33.15858260593296
-24.63731559192134 26.17655897502982
-26.69845954251998 28.56501311135249
-28.75960349311862 23.835681905732052
-30.820747443717266 20.769461177372513
-32.88189139431591 23.458375787327046
-34.94303534491454 23.20213221393135
-37.00417929551318 21.249101034116865
-39.065323246111824 23.10809642161984
-41.126467196710465 22.420822895656126
-43.187611147309106 24.315000320876837
-45.248755097907754 27.040480439805467
-47.309899048506395 29.152248351001717
-49.37104299910503 32.65984928334221
-51.43218694970367 35.778358910736046
-53.493330900302304 31.624716042834006
-55.554474850900945 43.60188385542747
-57.615618801499586 49.78434115658109
-59.67676275209823 53.0378461162552
-61.73790670269687 56.76061296167996
-63.79905065329551 57.90117752660371
-65.86019460389416 60.2977286556062
-67.92133855449279 62.04554821097286
-69.98248250509144 59.714283449427
-72.04362645569007 58.86189736203785
-74.10477040628871 51.796394056408154
-76.16591435688736 44.73559163719873
-78.22705830748599 36.634728084495606
-80.28820225808464 32.64206120960874
-82.34934620868327 29.801057355273155
-84.41049015928192 27.842101489792732
-86.47163410988055 27.656702717364624
-88.53277806047919 20.685873438291086
-90.59392201107784 22.499575024843487
-92.65506596167647 20.106607176651757
-94.71620991227513 19.30579102271726
-96.77735386287377 18.772855823578755
-98.83849781347242 20.754003242363353
-100.89964176407106 15.436182774880468
-102.9607857146697 19.12271510438506
-105.02192966526835 21.890646510326683
-107.08307361586698 19.222673540458445
-109.14421756646561 20.91740504691699
-111.20536151706426 12.131047137822144
-113.2665054676629 16.523095195396866
-115.32764941826154 12.085886282139933
-117.38879336886018 11.82192291500359
-119.44993731945883 14.335006789618015
-121.51108127005746 15.827826109340739
-123.5722252206561 13.959846021901303
-125.63336917125474 11.385126473206437
-127.69451312185338 15.973510585818248
-129.75565707245204 10.06237717549914
-131.8168010230507 9.94992419286472
-133.8779449736493 14.609499239500394
-135.93908892424795 16.613991631897452
-138.00023287484657 15.068094538614387
-140.06137682544522 17.570954672985152
-142.12252077604387 19.235405413296718
-144.18366472664252 14.395919928711592
-146.24480867724114 14.117621919065638
-148.3059526278398 12.299519449810727
-150.3670965784384 11.761511425836812
-152.42824052903708 11.805076974738808
-154.48938447963573 18.13292220185712
-156.55052843023435 16.298754906509384
-158.611672380833 16.98095510539323
-160.67281633143165 16.457921234395936
-162.7339602820303 18.623801515699597
-164.79510423262892 14.902274729321917
-166.85624818322756 15.176164616930185
-168.91739213382618 19.31162423223591
-170.97853608442486 16.881895054360996
-173.03968003502348 15.287127782760882
-175.10082398562213 15.277569311751867
-177.16196793622075 16.97533029411024
-179.2231118868194 15.259952536243805
-181.28425583741804 20.575289749963062
-183.3453997880167 15.666025157150067
-185.4065437386153 18.158478153424614
-187.46768768921396 11.771689784874658
-189.52883163981264 19.11371443578665
-191.58997559041126 18.668789818223207
-193.6511195410099 15.749912916522996
-195.71226349160852 19.46994468352367
-197.77340744220717 16.792967954362442
-199.8345513928058 16.620088279651657
-201.89569534340444 17.185825808640047
-203.95683929400306 17.30820425886906
-206.0179832446017 15.605905082175408
-208.07912719520036 13.579445005185843
-210.140271145799 17.643879743391256
-212.20141509639762 18.086375541900814
-214.26255904699627 17.044726568710455
-216.32370299759492 18.014981115461982
-218.38484694819357 13.998875955230728
-220.4459908987922 17.831858927336462
-222.50713484939084 24.91262569725201
-224.56827879998946 15.916002273566802
-226.62942275058813 14.847256163509877
-228.69056670118675 13.67357976574735
