# BEGINHEADER
# This file contains data from the SALSA 2m radio telescope.
# DATE=2025-03-12T09:50:0057
# GLON and GLAT given in degrees
# GLON=74.8280780396644
# GLAT=0.10035132382812413
# DATA in two columns below. Col. 1 is velocity relative to LSR [km/s]. Col. 2 is uncalibrated antenna temperature [K].
# ENDHEADER
291.30409857438065 9.157158449196206
289.24295462378194 17.462037426864676
287.1818106731833 10.250099762330244
285.1206667225847 15.555476302345252
283.05952277198605 15.021296272054366
280.99837882138735 15.132715566506056
278.93723487078876 12.43085522429596
276.8760909201901 13.553706930585413
274.8149469695915 13.121551289050695
272.7538030189928 13.13564958603115
270.69265906839416 15.513054850346483
268.6315151177956 12.959973445972619
266.5703711671969 14.115566628196088
264.5092272165983 15.506793946360993
262.4480832659996 15.075774733083303
260.386939315401 13.297217034515585
258.32579536480233 14.090846748393139
256.2646514142037 11.302769886807642
254.20350746360506 12.31611644683025
252.14236351300642 11.121785587143318
250.0812195624078 11.586544599095479
248.02007561180915 16.475835082383107
245.9589316612105 12.165085822605295
243.89778771061185 13.692258093448327
241.83664376001323 10.920155287505482
239.77549980941458 8.312230516474607
237.71435585881596 13.155436184421262
235.6532119082173 12.503191797532926
233.59206795761867 7.583485948725805
231.53092400702002 13.390026813152465
229.4697800564214 11.32325100965067
227.40863610582272 13.577259457298785
225.3474921552241 10.23102740969726
223.28634820462545 9.192053761308603
221.2252042540268 9.894763727697631
219.1640603034282 11.269804314853104
217.1029163528295 11.387579302701608
215.0417724022309 15.371555004667098
212.98062845163224 7.791232623285357
210.91948450103362 13.754344587695684
208.85834055043497 11.122831432237772
206.79719659983633 9.871909719299953
204.73605264923768 12.215183511509666
202.67490869863906 10.536721635659951
200.6137647480404 14.036062505268983
198.55262079744176 11.937735483140573
196.4914768468431 14.008580725770976
194.43033289624447 16.81528277967078
192.36918894564582 12.04477880728759
190.3080449950472 13.650958752690247
188.24690104444855 15.72237777672114
186.1857570938499 13.782984908774017
184.12461314325125 15.0128018013477
182.0634691926526 12.768471834646235
180.00232524205398 10.16258982811774
177.94118129145534 14.522184300145955
175.8800373408567 11.696921094047969
173.81889339025804 13.468201428718233
171.75774943965942 15.628612164542671
169.69660548906077 12.006507056726031
167.63546153846215 11.430651100946339
165.57431758786348 10.272790210433621
163.51317363726486 13.683118312600508
161.4520296866662 8.147615293734672
159.3908857360676 10.564683587862794
157.3297417854689 12.800658992771655
155.2685978348703 11.77378617145594
153.20745388427164 15.342526314568293
151.14630993367302 14.125034293593757
149.08516598307438 11.825871107534466
147.0240220324757 10.924293418366434
144.96287808187708 11.026189686125537
142.90173413127843 16.051314155530857
140.8405901806798 9.786772750479384
138.77944623008116 14.698456511290743
136.71830227948251 13.40405275195847
134.65715832888387 12.748314712500004
132.59601437828525 15.065223791128602
130.5348704276866 12.49247020538118
128.47372647708795 12.364539299148865
126.41258252648932 9.810879073838663
124.35143857589067 14.842046156960977
122.29029462529203 13.346369488049541
120.22915067469339 13.182037314284468
118.16800672409475 9.915312558504942
116.1068627734961 12.545083508785359
114.04571882289747 14.584312055776373
111.98457487229884 11.674659413890575
109.92343092170019 12.250233894548888
107.86228697110155 12.007755838529135
105.8011430205029 11.074414418222874
103.73999906990427 11.511137026430575
101.67885511930562 10.364138143404995
99.61771116870699 13.621201985501783
97.55656721810836 10.545865958768315
95.49542326750971 7.628644695468625
93.43427931691107 10.516311521406466
91.37313536631243 13.181290034489841
89.31199141571379 13.853084594463132
87.25084746511513 9.631585246996618
85.1897035145165 12.367930111268361
83.12855956391786 10.399052716543633
81.06741561331921 9.927917024279589
79.00627166272058 12.197927819483912
76.94512771212193 12.627754530615201
74.8839837615233 15.075900099382302
72.82283981092466 15.936077053702697
70.76169586032601 12.855317793621017
68.70055190972738 10.613459095448803
66.63940795912873 8.206115214538025
64.5782640085301 11.660603907262436
62.51712005793146 17.078316955823357
60.455976107332816 10.121834012895262
58.39483215673417 11.228180845305488
56.33368820613553 13.108806178255945
54.272544255536886 14.831075381377122
52.21140030493825 15.122208155310096
50.15025635433961 11.833590170132867
48.08911240374097 11.38201000032729
46.02796845314233 7.484557374727192
43.96682450254369 12.826626033969655
41.905680551945046 15.074212969963463
39.8445366013464 8.233385335925943
37.783392650747764 15.185170402246348
35.72224870014912 14.68061818481173
33.66110474955048 13.053628526376496
31.59996079895184 17.698212455826358
29.5388168483532 22.57899144533797
27.477672897754562 15.438168058548545
25.41652894715592 20.02489562322725
23.355384996557277 32.67876420101786
21.294241045958636 32.559208590981605
19.233097095359998 47.274431050537345
17.171953144761357 56.01727321444139
15.110809194162716 70.66992230069485
13.049665243564073 90.86533160281009
10.988521292965434 107.72938777444048
8.927377342366794 122.73702757910269
6.8662333917681515 134.97051429079204
4.805089441169512 137.4368012426529
2.7439454905708707 144.113203919988
0.6828015399722301 135.77346767988104
-1.3783424106264108 131.17208536855594
-3.4394863612250517 124.26200774840838
-5.500630311823693 101.9533654791955
-7.561774262422333 90.42162679842521
-9.622918213020974 83.04881781942696
-11.684062163619615 72.93352003587994
-13.745206114218256 59.790194712465805
-15.806350064816895 52.40803437986338
-17.867494015415538 52.6562812767173
-19.92863796601418 52.21528848078923
-21.989781916612817 51.39341100758206
-24.05092586721146 52.40631613314096
-26.112069817810102 50.99022091048421
-28.17321376840874 51.856357684748275
-30.23435771900738 49.893505696238094
-32.295501669606026 46.87979295168774
-34.35664562020466 41.85319550738803
-36.4177895708033 36.5517403415772
-38.47893352140195 42.516321886823775
-40.54007747200059 34.898143750548286
-42.60122142259923 36.23905775586148
-44.662365373197865 33.334994616363154
-46.723509323796506 30.066656723078797
-48.78465327439515 36.658311131022
-50.84579722499379 32.7429046904462
-52.90694117559243 38.73543198224507
-54.96808512619107 37.27405659202128
-57.02922907678972 40.97362208740159
-59.09037302738835 45.69986944537123
-61.151516977986994 52.4799108832045
-63.212660928585635 50.6351523111948
-65.27380487918427 49.02856159716625
-67.33494882978292 53.69634297422368
-69.39609278038157 57.89173553532392
-71.4572367309802 63.64585018273665
-73.51838068157885 58.80245200580506
-75.57952463217748 62.427966985638356
-77.64066858277613 55.95029527564417
-79.70181253337476 51.55120273404854
-81.7629564839734 45.121960657332174
-83.82410043457205 40.71218158383573
-85.88524438517068 29.930199707386116
-87.94638833576933 29.697678280422547
-90.00753228636796 30.292417789932973
-92.06867623696661 16.82614768347046
-94.12982018756524 24.443934163131996
-96.19096413816388 14.234538055505936
-98.25210808876253 18.543224307512695
-100.31325203936116 17.84052575904596
-102.37439598995981 16.174862366604305
-104.43553994055844 18.766750055280305
-106.4966838911571 19.171796258449948
-108.55782784175574 15.89483622341127
-110.61897179235437 22.08767031231094
-112.68011574295302 20.66854066423234
-114.74125969355165 13.06851561675245
-116.8024036441503 16.219486416600144
-118.86354759474894 19.267786218015374
-120.92469154534757 18.542589713503457
-122.98583549594622 12.021648884625915
-125.04697944654485 16.09862358313883
-127.1081233971435 15.773435108054525
-129.16926734774214 13.385463179476233
-131.23041129834078 18.16881533402914
-133.29155524893943 14.26401026048512
-135.35269919953808 11.80976409445637
-137.4138431501367 16.097499022823552
-139.47498710073535 18.967072166308014
-141.53613105133397 20.068618918119007
-143.59727500193264 13.159306646621939
-145.65841895253126 15.043307997739207
-147.7195629031299 12.740245376391508
-149.78070685372853 14.710195274304642
-151.84185080432718 15.993362226827289
-153.90299475492583 16.71395607232677
-155.96413870552448 16.149693168067394
-158.0252826561231 16.344191160809903
-160.08642660672174 14.747220936402323
-162.14757055732036 12.398757247761404
-164.20871450791904 16.661838754629304
-166.2698584585177 16.39157749695801
-168.3310024091163 16.477967982907558
-170.39214635971496 17.37831643019864
-172.4532903103136 17.53044476668015
-174.51443426091225 11.755043375412157
-176.57557821151087 13.161345475674123
-178.63672216210952 17.406798044763548
-180.69786611270814 15.663883885018597
-182.75901006330682 19.70209394824644
-184.82015401390544 20.04981918233396
-186.88129796450409 19.520969060748012
-188.9424419151027 17.718319037317656
-191.00358586570135 19.059232546151556
-193.0647298163 14.371394336334467
-195.12587376689865 14.070107670635508
-197.18701771749727 19.499603435605362
-199.24816166809592 18.761089351257866
-201.30930561869454 17.490379735724336
-203.37044956929319 13.777479443796913
-205.43159351989183 16.92000632437981
-207.49273747049045 14.664791470133446
-209.55388142108913 20.342115259012512
-211.61502537168775 15.701402007969586
-213.6761693222864 18.00593555008537
-215.73731327288502 17.872780686844415
-217.79845722348367 15.81507088632813
-219.85960117408231 17.613084236047552
-221.92074512468096 17.598440664928262
-223.98188907527958 18.22229378344017
-226.04303302587823 17.15415179589136
-228.10417697647688 21.13346687538597
-230.16532092707553 12.551337693921308
-232.22646487767415 13.424572494749233
-234.2876088282728 16.36812399260977
