# BEGINHEADER
# This file contains data from the SALSA 2m radio telescope.
# DATE=2025-03-12T09:42:0055
# GLON and GLAT given in degrees
# GLON=144.85568314560442
# GLAT=-0.24907995067830754
# DATA in two columns below. Col. 1 is velocity relative to LSR [km/s]. Col. 2 is uncalibrated antenna temperature [K].
# ENDHEADER
241.65873738790324 8.235010716604402
239.59759343730457 17.25614552269052
237.53644948670595 13.911966310509658
235.4753055361073 15.535329092291184
233.41416158550868 13.796140778841872
231.35301763491003 12.261700442769364
229.29187368431138 10.566193453308351
227.23072973371274 11.776844878322548
225.16958578311412 8.123547050054395
223.10844183251547 11.6229069025709
221.04729788191685 14.277773451415845
218.98615393131817 13.221137539162704
216.92500998071955 11.62982011723061
214.8638660301209 16.8400923781454
212.80272207952228 14.971122557950281
210.7415781289236 10.03309563208007
208.680434178325 11.301564777595123
206.61929022772634 12.057635960955881
204.5581462771277 11.127841516861478
202.49700232652907 10.837085867992096
200.4358583759304 12.393112751373911
198.37471442533177 11.052478973016935
196.31357047473315 10.161639653743473
194.25242652413453 12.767735254198975
192.19128257353586 10.624956465083569
190.13013862293724 12.901983794642973
188.0689946723386 10.749884269684422
186.00785072173997 9.497758665128446
183.9467067711413 9.725747164861497
181.88556282054267 13.068762278752935
179.82441886994403 8.981591612794794
177.7632749193454 7.875340767266796
175.70213096874676 8.961589903699934
173.6409870181481 9.519141402459987
171.57984306754946 11.763605226377441
169.51869911695084 11.842068084376528
167.4575551663522 10.185251485102802
165.39641121575357 9.847211165092514
163.3352672651549 9.74047153628384
161.27412331455625 8.99683080448153
159.21297936395763 8.962840706843677
157.15183541335898 10.297080713576536
155.09069146276033 11.214475314170727
153.02954751216168 9.489888573605972
150.96840356156306 7.2193589796036886
148.90725961096442 12.189873993916336
146.8461156603658 10.669862801559029
144.78497170976712 11.695568683954125
142.7238277591685 11.273560067730873
140.66268380856985 6.543960103202844
138.60153985797123 11.200527346720152
136.54039590737258 12.643253885572348
134.47925195677394 7.119208794382477
132.4181080061753 12.929949657709049
130.35696405557667 11.489274876491963
128.29582010497802 14.11753525959216
126.23467615437937 10.459913078297669
124.17353220378074 10.567260547499354
122.11238825318209 9.64901816432576
120.05124430258346 10.729720228717694
117.99010035198481 11.688533430980844
115.92895640138617 8.282032718410198
113.86781245078753 7.217740664451391
111.80666850018889 9.160441429339313
109.74552454959026 7.119047195479159
107.68438059899161 12.718301701853756
105.62323664839296 13.215791415112323
103.56209269779431 9.792410669180605
101.50094874719568 16.13345390663766
99.43980479659704 11.337133607962897
97.37866084599838 12.925898550583598
95.31751689539975 13.875460483204987
93.2563729448011 8.26202738387444
91.19522899420247 10.111020930390534
89.13408504360383 5.594755858878651
87.07294109300518 11.689245014498876
85.01179714240655 11.379100993715745
82.9506531918079 9.867021647533575
80.88950924120927 8.289688171681773
78.82836529061062 10.083738530555179
76.76722134001199 12.875370926248815
74.70607738941335 14.475622609821052
72.6449334388147 11.014468252428516
70.58378948821607 12.44962668084559
68.52264553761741 10.13918301208965
66.46150158701877 6.531211376463049
64.40035763642014 9.142258052160361
62.3392136858215 8.702437525273872
60.27806973522286 9.069205691724704
58.21692578462421 11.547141322742036
56.155781834025575 10.79285326192064
54.094637883426934 11.516055466454466
52.03349393282829 9.694274168180769
49.97234998222965 11.106062278362815
47.91120603163102 13.515457913662344
45.85006208103238 4.764963645775712
43.788918130433736 9.620729547795932
41.727774179835095 10.93500361158971
39.66663022923646 7.331451128853193
37.60548627863781 9.046836533854625
35.54434232803917 8.054679792266128
33.48319837744053 11.354137357674405
31.42205442684189 8.627140603052132
29.36091047624325 10.431642622050713
27.29976652564461 8.02675816508447
25.238622575045966 7.854206504032416
23.177478624447325 11.380936168291276
21.116334673848684 9.000976932378624
19.055190723250043 11.21147655529495
16.994046772651405 10.292439285546934
14.932902822052762 8.28536440420435
12.871758871454121 13.894496932372904
10.81061492085548 16.020299039710448
8.74947097025684 18.252236852529705
6.688327019658199 32.31925537181516
4.627183069059559 44.934806493047425
2.5660391184609175 61.71212190465652
0.5048951678622767 74.19230632021578
-1.556248782736364 80.25053397868463
-3.6173927333350044 76.32990597764886
-5.678536683933645 74.8853965616854
-7.739680634532287 70.73698168659077
-9.800824585130927 72.51335802813509
-11.861968535729568 74.59720472959478
-13.92311248632821 67.63191251389466
-15.98425643692685 68.02214813281894
-18.04540038752549 66.33989526827293
-20.10654433812413 60.3717598015136
-22.167688288722772 54.93803609134732
-24.228832239321413 55.00606133899837
-26.28997618992005 69.21780297268248
-28.35112014051869 76.61384979594192
-30.412264091117333 83.96423659787322
-32.47340804171597 95.53809344431404
-34.53455199231461 102.18405988663481
-36.59569594291325 105.50489336034275
-38.6568398935119 96.63103656401141
-40.71798384411054 90.15985573883934
-42.779127794709176 87.13136288856886
-44.84027174530782 78.93607524252684
-46.90141569590646 71.95666024536101
-48.9625596465051 58.72498726616184
-51.02370359710375 57.87083374864859
-53.08484754770238 52.9446076241512
-55.14599149830102 42.22221644292929
-57.20713544889967 45.82485637030987
-59.26827939949831 39.19615466245731
-61.32942335009695 35.68267165465756
-63.390567300695594 29.67436138599546
-65.45171125129423 27.289267806970116
-67.51285520189288 30.876578930591748
-69.57399915249151 26.364377925605545
-71.63514310309016 28.29711444482828
-73.69628705368879 31.03301548683272
-75.75743100428743 33.67088101465681
-77.81857495488607 23.934034391227595
-79.87971890548471 23.04558025685969
-81.94086285608336 22.230352396962708
-84.00200680668199 18.530875056252025
-86.06315075728065 22.91324178358179
-88.12429470787929 15.046878643585133
-90.18543865847792 14.326190302638365
-92.24658260907657 17.82557189877918
-94.3077265596752 16.11555430605941
-96.36887051027385 15.17435678969375
-98.43001446087248 14.601022049978036
-100.49115841147112 12.051325230170699
-102.55230236206975 13.411148413491755
-104.6134463126684 12.55562534597697
-106.67459026326704 9.184080323082318
-108.73573421386567 13.63015891144879
-110.79687816446432 13.839027186623335
-112.85802211506295 11.321511467422214
-114.9191660656616 8.174930258765974
-116.98031001626023 11.980469035569783
-119.04145396685888 14.35546027297075
-121.10259791745752 14.352742566443725
-123.16374186805615 11.500468178142087
-125.22488581865481 11.38343848991712
-127.28602976925345 12.293845380982733
-129.3471737198521 12.4037180416038
-131.4083176704507 10.208706341596677
-133.46946162104936 10.519112750716387
-135.53060557164798 11.668738888478849
-137.59174952224666 15.109260483790369
-139.65289347284528 12.860678620756461
-141.71403742344393 11.453134353045176
-143.77518137404255 9.68640680719853
-145.83632532464122 11.360884283527133
-147.89746927523987 9.906345130970042
-149.9586132258385 11.022442321186318
-152.01975717643714 12.380965260471411
-154.08090112703576 12.58279609536715
-156.14204507763444 12.724091869396611
-158.20318902823306 11.13743256490908
-160.2643329788317 11.725132994740182
-162.32547692943032 11.83080926664501
-164.38662088002897 12.769987924331858
-166.44776483062762 13.479555859854662
-168.50890878122627 13.166835061085694
-170.5700527318249 7.944509620353403
-172.63119668242354 11.078462476660137
-174.69234063302218 10.196716607519638
-176.75348458362083 11.65537661718092
-178.81462853421945 14.664998333360847
-180.8757724848181 12.962467446116912
-182.93691643541672 14.423280809432839
-184.9980603860154 17.845879282992698
-187.05920433661404 11.733969545438626
-189.12034828721266 13.024784135617795
-191.1814922378113 12.355001643869105
-193.24263618840993 13.477530785089469
-195.3037801390086 16.140814879336595
-197.36492408960723 13.43780397725709
-199.4260680402059 13.723825824904544
-201.48721199080452 15.09916411761854
-203.54835594140317 13.046080146421888
-205.6094998920018 15.383202498531844
-207.67064384260047 15.118882276946048
-209.7317877931991 13.677556042699374
-211.79293174379774 17.212283464612696
-213.85407569439636 14.35243261957078
-215.91521964499503 14.956483055041824
-217.97636359559365 20.026904068196433
-220.0375075461923 18.287563464579787
-222.09865149679095 18.56966267231631
-224.15979544738957 14.37612194425458
-226.22093939798825 14.513559212650822
-228.28208334858687 14.023173802337705
-230.34322729918551 11.719731074706788
-232.40437124978413 18.13100293109342
-234.46551520038278 16.426743149884242
-236.52665915098143 17.81141283119897
-238.58780310158008 17.408516100639282
-240.6489470521787 12.461261765424462
-242.71009100277735 13.097210570721808
-244.771234953376 15.072241668445564
-246.83237890397464 15.09978022837113
-248.89352285457326 17.68866043818784
-250.9546668051719 17.634039605627716
-253.01581075577053 16.210789793761805
-255.0769547063692 14.400970558644183
-257.1380986569678 13.49292520490497
-259.1992426075665 17.001704228727256
-261.2603865581651 12.935738743491157
-263.3215305087638 17.1919207626541
-265.3826744593624 19.74909247443754
-267.443818409961 14.71461881468841
-269.50496236055966 12.328264895751651
-271.56610631115836 15.511817033602927
-273.62725026175696 17.488512738922434
-275.6883942123556 12.639370816034674
-277.7495381629542 17.911599942925548
-279.8106821135529 17.603339493198135
-281.87182606415155 15.606792132604438
-283.93297001475014 10.36842709777474
