# BEGINHEADER
# This file contains data from the SALSA 2m radio telescope.
# DATE=2025-03-12T09:50:0009
# GLON and GLAT given in degrees
# GLON=79.86279804189773
# GLAT=0.10180031256525046
# DATA in two columns below. Col. 1 is velocity relative to LSR [km/s]. Col. 2 is uncalibrated antenna temperature [K].
# ENDHEADER
288.1875396540779 5.697822364948025
286.12639570347926 11.173566437504876
284.0652517528806 15.533632777010123
282.00410780228196 13.09348219951128
279.9429638516833 13.974860868217473
277.8818199010847 12.863886089322287
275.820675950486 15.844840607644205
273.75953199988743 13.310467525054552
271.6983880492888 13.03605813655571
269.63724409869013 14.726185143691724
267.5761001480915 16.97155676591646
265.51495619749284 9.029983098645946
263.45381224689424 13.259620339428091
261.3926682962956 13.783076600044637
259.33152434569695 10.798382668044052
257.2703803950983 10.276848680231218
255.20923644449965 11.83391230834793
253.148092493901 14.264959401304557
251.08694854330238 11.015084275750631
249.02580459270374 11.761487180233487
246.96466064210506 11.32575372922974
244.90351669150644 10.975899799562775
242.8423727409078 13.238099618398058
240.78122879030917 10.990284052165277
238.7200848397105 13.787318099980824
236.65894088911188 12.223544993828211
234.59779693851323 12.793762049138794
232.5366529879146 12.990535686118807
230.47550903731596 11.0001184975488
228.4143650867173 9.453807089301227
226.35322113611866 13.424453167038441
224.29207718552004 12.659969399292406
222.2309332349214 7.103391199432579
220.16978928432277 12.612354667721338
218.1086453337241 10.110740756118727
216.04750138312548 14.48865537360105
213.98635743252683 11.460392598366088
211.9252134819282 11.56114977722504
209.86406953132953 12.313149384160962
207.80292558073089 9.596370674045636
205.74178163013227 12.073896138540949
203.68063767953362 11.876141517429268
201.619493728935 10.942427963170726
199.55834977833632 11.163635301969327
197.4972058277377 16.732757249944726
195.43606187713905 10.43834763631193
193.37491792654043 10.207508114690848
191.31377397594179 12.414007231558019
189.25263002534314 11.901124194809443
187.1914860747445 7.325368231461456
185.13034212414587 10.36512659596628
183.06919817354722 15.97543109612194
181.0080542229486 11.382967809575968
178.94691027234992 8.181666497822622
176.8857663217513 11.168993290770187
174.82462237115266 10.118548148214723
172.76347842055404 13.806039413377897
170.70233446995536 14.940090465802479
168.6411905193567 12.147485722292846
166.5800465687581 11.168630416959548
164.51890261815944 12.380813797124267
162.45775866756082 10.269290201145356
160.39661471696215 15.08753145148977
158.33547076636353 9.21013820746419
156.27432681576488 9.22326608303828
154.21318286516626 9.603015266261298
152.1520389145676 11.642003517891375
150.09089496396896 13.60717535971492
148.02975101337032 8.011020593764153
145.9686070627717 9.993917410740874
143.90746311217305 10.013621868830011
141.8463191615744 13.522313032890137
139.78517521097575 7.9341313949120265
137.72403126037713 7.437888985089552
135.66288730977848 9.488553857943543
133.60174335917986 13.207295826473613
131.5405994085812 13.349985480553391
129.47945545798254 10.226219044936315
127.41831150738392 9.63454262574518
125.35716755678529 8.42481775032544
123.29602360618664 9.132721143218598
121.234879655588 10.926410094062346
119.17373570498935 13.076624595072774
117.11259175439072 10.99449371516945
115.05144780379207 9.689567858986598
112.99030385319342 14.962970704594017
110.92915990259479 15.180154235363096
108.86801595199614 9.205922153062954
106.80687200139751 9.125357573224546
104.74572805079886 8.342732344649777
102.68458410020023 5.84876925222539
100.62344014960158 13.467806544807543
98.56229619900296 15.325063357581291
96.50115224840431 7.262390519979121
94.44000829780568 12.17522608472337
92.37886434720703 12.836971912424605
90.3177203966084 11.302743307502487
88.25657644600976 12.320778682218018
86.19543249541111 12.29138715867137
84.13428854481248 12.030095697304919
82.07314459421383 6.744164652904452
80.0120006436152 9.244486984821693
77.95085669301655 9.247369150499969
75.88971274241791 6.610059781019215
73.82856879181928 10.140877680238754
71.76742484122062 10.800648260550666
69.70628089062198 10.318529303034431
67.64513694002333 11.421007002719916
65.5839929894247 7.319683422959601
63.52284903882606 11.245716044268672
61.46170508822742 12.13526949024753
59.40056113762878 11.576815687466281
57.339417187030136 17.11095686037787
55.2782732364315 12.601180504082945
53.21712928583286 11.97739220573601
51.15598533523422 10.716232982348766
49.09484138463557 7.711062115081542
47.03369743403693 9.7722337034763
44.97255348343829 13.971922295175172
42.91140953283965 9.253359995659931
40.85026558224101 11.528624184058057
38.78912163164237 15.323137649062158
36.727977681043726 14.029423040683538
34.666833730445084 12.412382998505464
32.60568977984644 9.662213105764135
30.544545829247802 19.06994848102181
28.483401878649165 14.925401860339639
26.422257928050524 21.205321981834157
24.361113977451883 20.275773048184043
22.299970026853245 26.79866331900825
20.2388260762546 37.345226877780526
18.17768212565596 52.26271042514277
16.116538175057322 73.5514927132544
14.055394224458679 91.9577203817551
11.994250273860038 109.72983801356631
9.933106323261399 116.35585220060602
7.871962372662757 128.89448975991507
5.810818422064116 127.48198963294318
3.7496744714654757 132.54455789466556
1.6885305208668349 133.24996983177928
-0.37261342973180595 124.15487979830468
-2.4337573803304466 126.16705632789457
-4.494901330929088 124.02220838787235
-6.556045281527728 113.30194621535306
-8.61718923212637 104.20009472019504
-10.67833318272501 92.12527199400844
-12.739477133323652 83.03409216063177
-14.800621083922291 72.13283661251388
-16.861765034520932 52.88938432785005
-18.922908985119577 51.42475269116778
-20.984052935718214 52.457100518705275
-23.045196886316855 45.9477497173784
-25.106340836915496 46.04929645032912
-27.167484787514134 44.61765239869902
-29.22862873811278 45.7953339150078
-31.28977268871142 49.90723246954791
-33.350916639310064 55.51046676752245
-35.412060589908705 54.64955896023999
-37.47320454050734 54.285498841465994
-39.53434849110598 52.39877675028676
-41.59549244170462 49.430423526025244
-43.65663639230326 46.40907802009719
-45.717780342901904 44.39354608394828
-47.778924293500545 42.67966373325303
-49.84006824409918 36.71822895276456
-51.90121219469783 30.18770858088031
-53.96235614529646 33.05543414837367
-56.0235000958951 35.88724100198449
-58.08464404649374 33.725438724031
-60.145787997092384 40.07326325073534
-62.206931947691025 45.53886391220292
-64.26807589828967 49.93462381613945
-66.3292198488883 50.48743120632849
-68.39036379948695 50.40381391354848
-70.45150775008558 50.865750315497756
-72.51265170068423 51.87647480121505
-74.57379565128286 53.66928401653206
-76.6349396018815 50.33851607336538
-78.69608355248015 51.59781933392586
-80.75722750307878 50.53889203816393
-82.81837145367744 44.425074614826904
-84.87951540427608 46.76133974431067
-86.94065935487473 40.416514808522166
-89.00180330547336 34.66977966145589
-91.062947256072 30.30163285932227
-93.12409120667064 23.61645097360266
-95.18523515726928 25.078989603437755
-97.24637910786792 24.261646791791307
-99.30752305846657 26.1640642167415
-101.3686670090652 20.71564656239853
-103.42981095966385 18.72507632211958
-105.49095491026249 17.289710731437765
-107.55209886086114 17.81650461730987
-109.61324281145977 19.1204437334879
-111.6743867620584 18.043484685496015
-113.73553071265705 14.869727730542735
-115.79667466325569 17.50174370552261
-117.85781861385433 15.575358857278117
-119.91896256445298 16.893204768449504
-121.98010651505163 15.450510948266139
-124.04125046565026 17.336127075452527
-126.1023944162489 15.535929322040191
-128.16353836684755 9.285373124641904
-130.22468231744617 14.073722159568817
-132.28582626804481 14.717649329431271
-134.34697021864346 13.976046896580147
-136.40811416924208 11.391864412671435
-138.46925811984073 17.139560333101905
-140.5304020704394 15.538310918623809
-142.59154602103803 12.32454042099943
-144.65268997163668 15.977786735524184
-146.7138339222353 16.765629743190935
-148.77497787283397 15.503674176091563
-150.8361218234326 16.58790455795248
-152.89726577403124 14.145715199471464
-154.95840972462986 10.509536911480106
-157.0195536752285 13.78523700854456
-159.08069762582716 18.13039237210154
-161.1418415764258 11.16770090432333
-163.20298552702442 21.455336220017383
-165.26412947762307 16.97616902777278
-167.3252734282217 15.72952116927077
-169.38641737882037 16.279573254960415
-171.447561329419 17.118883017658003
-173.50870528001764 15.28313816194464
-175.56984923061626 15.466094016719431
-177.63099318121493 21.29030381475911
-179.69213713181358 17.286540913886558
-181.7532810824122 13.985593819980712
-183.81442503301085 14.560897471101516
-185.87556898360947 21.29896477264221
-187.93671293420815 14.16833606697475
-189.99785688480677 14.822915918867206
-192.0590008354054 12.827394148038897
-194.12014478600403 14.106615646844201
-196.18128873660268 20.00674733350658
-198.24243268720133 12.166887507469507
-200.30357663779998 11.849998448409384
-202.3647205883986 13.373296952207403
-204.42586453899725 16.11320197582094
-206.48700848959587 14.829136537534445
-208.54815244019454 15.54825146669639
-210.60929639079316 16.032956797746266
-212.6704403413918 14.16270820220397
-214.73158429199043 14.974042865108949
-216.7927282425891 19.397228560348648
-218.85387219318775 13.483629984540526
-220.91501614378637 13.123135969903563
-222.97616009438502 15.694501374493631
-225.03730404498364 17.6939465240017
-227.09844799558232 16.643597502066058
-229.15959194618094 16.532638325808207
-231.2207358967796 21.549495593016964
-233.2818798473782 17.188352220794048
-235.34302379797685 13.6690587922622
-237.4041677485755 15.488419712264742
