# BEGINHEADER
# This file contains data from the SALSA 2m radio telescope.
# DATE=2025-03-12T09:36:0006
# GLON and GLAT given in degrees
# GLON=114.79966935647779
# GLAT=-0.10585684638570823
# DATA in two columns below. Col. 1 is velocity relative to LSR [km/s]. Col. 2 is uncalibrated antenna temperature [K].
# ENDHEADER
263.0547572316143 7.940962086606357
260.9936132810157 14.495856980600466
258.93246933041706 8.926258337515037
256.8713253798184 10.490647491885172
254.8101814292198 13.54054940327645
252.74903747862115 13.469189416830815
250.6878935280225 13.340215276693886
248.62674957742385 11.106758476411674
246.56560562682523 10.97706767716247
244.50446167622658 7.636182484570499
242.44331772562794 13.4978639760542
240.3821737750293 15.449990808917894
238.32102982443064 9.754801126955334
236.25988587383202 12.29471785708715
234.19874192323337 13.283356616441045
232.13759797263472 13.611202700527485
230.07645402203607 10.070111766153977
228.01531007143745 9.143694569044017
225.9541661208388 8.264911374509731
223.8930221702402 11.718843525197967
221.8318782196415 8.521857700779185
219.7707342690429 16.143255052882058
217.70959031844424 11.578556808230239
215.64844636784562 14.771190472390947
213.58730241724695 16.640362474032976
211.52615846664833 11.695720276733457
209.46501451604968 12.303704693533358
207.40387056545106 13.086848040671233
205.3427266148524 8.903646604061482
203.28158266425376 10.60378397197441
201.2204387136551 14.077034123492
199.15929476305647 14.301975724465336
197.09815081245785 15.347604377724238
195.0370068618592 9.065702222532327
192.97586291126055 9.912997936537263
190.9147189606619 8.788368074214539
188.85357501006328 11.229999382387193
186.79243105946463 11.177843992097761
184.73128710886598 13.764300164814602
182.67014315826734 10.002482526599458
180.60899920766872 13.735281640241185
178.54785525707007 9.255182956736972
176.48671130647145 13.231005339985638
174.42556735587277 9.636431146141167
172.36442340527415 7.401440734828991
170.3032794546755 15.01014679084154
168.24213550407688 9.488208545508948
166.18099155347824 9.151270174487992
164.11984760287956 13.8606424993656
162.05870365228094 10.833273612429277
159.9975597016823 11.58020860598212
157.93641575108367 12.664255378195548
155.87527180048502 12.4198998923775
153.81412784988638 9.93423975477646
151.75298389928773 8.63041529181223
149.6918399486891 12.483098094053677
147.63069599809046 10.228028020081014
145.5695520474918 10.660925665634078
143.50840809689316 8.660315734774484
141.44726414629454 10.207684374225119
139.3861201956959 9.01109388798138
137.32497624509728 11.98454636663851
135.2638322944986 14.007951115036354
133.20268834389998 9.084375299807085
131.14154439330133 9.43418093245371
129.08040044270268 11.657323201401379
127.01925649210405 8.763345172653434
124.95811254150541 11.122520500744244
122.89696859090677 13.712795122705588
120.83582464030813 11.63133181289
118.77468068970948 12.553449936698126
116.71353673911085 11.502363570513186
114.6523927885122 10.226336244495554
112.59124883791357 14.143190826511201
110.53010488731493 14.485375682339795
108.46896093671629 12.350567860748495
106.40781698611765 6.976792616411281
104.34667303551899 11.055345320870575
102.28552908492036 10.33667994708455
100.22438513432172 8.528126339558304
98.16324118372307 9.347808426329612
96.10209723312444 13.146316027626098
94.04095328252579 7.686978668529747
91.97980933192716 11.292556480677781
89.91866538132851 10.949349804150025
87.85752143072988 11.67761834505351
85.79637748013124 9.661418266645185
83.7352335295326 13.327991220156768
81.67408957893396 13.240146182928582
79.61294562833531 8.001647684433983
77.55180167773668 10.71400565971604
75.49065772713803 10.671850202717616
73.4295137765394 12.656577155611382
71.36836982594076 10.332167774854652
69.30722587534211 10.617591360328607
67.24608192474348 6.950231067282788
65.18493797414483 7.510233221862995
63.12379402354619 10.03039814473168
61.06265007294755 8.47830120263133
59.00150612234891 11.959447844273242
56.94036217175026 8.109105313134751
54.87921822115162 8.705691076832013
52.81807427055298 6.956490437538685
50.75693031995434 12.934602313567074
48.6957863693557 12.246558452836847
46.63464241875706 12.901133305711571
44.57349846815842 10.708240649331183
42.51235451755978 10.219599133085268
40.45121056696114 8.610408099257707
38.3900666163625 13.734712570833786
36.328922665763855 9.102501099362673
34.267778715165214 7.355320746976032
32.20663476456657 9.12273566225584
30.145490813967932 11.570672924978101
28.084346863369294 11.904558590613174
26.023202912770653 10.249499533703423
23.962058962172012 8.342672909251672
21.900915011573368 13.839793929306158
19.83977106097473 11.205020231610694
17.77862711037609 12.837050898197697
15.717483159777448 14.523143229147157
13.656339209178807 9.643421360671733
11.595195258580166 19.03753151998026
9.534051307981525 23.21749735289169
7.472907357382883 30.92521836735527
5.411763406784243 38.68840019644956
3.350619456185602 60.63328688192124
1.2894755055869613 64.4001915182591
-0.7716684450116793 67.89355606280581
-2.83281239561032 76.63821370956114
-4.893956346208961 80.77290852916363
-6.955100296807602 81.74767996398464
-9.016244247406243 77.89511119775257
-11.077388198004883 89.31391951557507
-13.138532148603524 79.19192709575759
-15.199676099202163 69.29725576691781
-17.260820049800806 58.534301592351966
-19.321964000399447 56.58322573232034
-21.383107950998085 40.90983841621785
-23.444251901596726 32.562438364153884
-25.50539585219537 30.13156975619006
-27.566539802794008 37.26165374542403
-29.62768375339265 40.364774451765854
-31.68882770399129 42.78358723852353
-33.74997165458993 53.1088770840627
-35.81111560518857 51.545812699813034
-37.87225955578721 60.34617392187024
-39.93340350638586 64.25541949380961
-41.9945474569845 64.88812889413737
-44.05569140758314 71.98438020135589
-46.116835358181774 77.67342519978388
-48.177979308780415 85.31869018637074
-50.239123259379056 86.5014903813279
-52.3002672099777 77.75299663065145
-54.36141116057634 69.73526884998812
-56.42255511117498 68.51924751488086
-58.48369906177361 68.41880090706405
-60.54484301237226 65.94266666168588
-62.6059869629709 57.23279182927875
-64.66713091356954 57.64099875883294
-66.72827486416818 49.74041636326984
-68.78941881476682 43.81177774054434
-70.85056276536547 43.31683409650496
-72.9117067159641 32.012787109768176
-74.97285066656275 29.806583126454335
-77.03399461716138 27.16227216355035
-79.09513856776002 25.62337569410831
-81.15628251835867 27.324720853728603
-83.2174264689573 28.496470631480946
-85.27857041955595 28.807636356411614
-87.33971437015458 27.5900272308481
-89.40085832075324 23.47699073906183
-91.46200227135188 27.06298543809782
-93.52314622195051 27.726112517256073
-95.58429017254916 33.035806719448544
-97.6454341231478 35.54712274414661
-99.70657807374644 30.817882887707043
-101.76772202434508 32.20666018096842
-103.82886597494372 23.443865448038704
-105.89000992554236 25.984772397253728
-107.95115387614099 25.72483921934373
-110.01229782673964 18.118012685899956
-112.07344177733827 18.857539609095763
-114.13458572793692 17.12278185789502
-116.19572967853556 17.375072811374125
-118.2568736291342 16.83970907643382
-120.31801757973284 18.314032585296353
-122.37916153033147 17.414879195315777
-124.44030548093012 15.004508973085462
-126.50144943152875 12.554743281791364
-128.5625933821274 15.124396844107459
-130.62373733272605 15.961961250403835
-132.68488128332467 12.529340098628637
-134.74602523392332 15.511095813669606
-136.80716918452197 11.736330915502057
-138.86831313512062 13.283753748352256
-140.92945708571924 15.227461721576002
-142.99060103631788 12.850616045020864
-145.05174498691653 18.593032896863683
-147.11288893751518 15.894955236846853
-149.17403288811383 11.639045170019982
-151.23517683871245 14.071663887676694
-153.2963207893111 14.773046895666816
-155.35746473990974 15.232467409826683
-157.4186086905084 15.943005923784131
-159.479752641107 11.999733644189158
-161.54089659170566 13.771809013793664
-163.60204054230428 12.739492847757322
-165.66318449290296 17.507581343626622
-167.72432844350158 17.708254876981165
-169.78547239410022 14.438897519998
-171.84661634469884 13.39635212891194
-173.90776029529752 15.683846157741831
-175.96890424589614 13.259499379502076
-178.0300481964948 13.432736351568055
-180.0911921470934 15.105348384019024
-182.15233609769206 16.275552432799365
-184.21348004829073 16.11575703770805
-186.27462399888935 15.516805844645871
-188.335767949488 13.301801258743554
-190.39691190008662 13.238659255907097
-192.45805585068527 13.323615169799343
-194.51919980128392 18.64192611859001
-196.58034375188257 18.085034620215676
-198.6414877024812 17.00768734754979
-200.70263165307983 13.463369640193758
-202.76377560367848 16.379807897529776
-204.82491955427713 13.332201861203583
-206.88606350487575 14.758645907929338
-208.9472074554744 16.645716440051082
-211.00835140607302 16.306046109270707
-213.0694953566717 16.269481899517384
-215.13063930727031 14.787332698546084
-217.19178325786896 16.63072286088348
-219.25292720846758 16.55608600600189
-221.31407115906623 15.301630255945105
-223.3752151096649 18.362028480522014
-225.43635906026353 18.595538684410684
-227.49750301086218 20.178221975286668
-229.5586469614608 15.756767345871156
-231.61979091205944 17.905376099065293
-233.6809348626581 15.655877072555036
-235.74207881325674 13.318210640159112
-237.80322276385536 17.917485120046187
-239.864366714454 17.149926896122277
-241.92551066505266 17.77557389978252
-243.9866546156513 13.85554182828014
-246.04779856624992 15.271479507196247
-248.10894251684857 16.287856266473536
-250.1700864674472 19.087319930926835
-252.23123041804587 15.329546737497264
-254.2923743686445 13.07878942648936
-256.3535183192431 13.145354057345521
-258.41466226984176 14.81651225405308
-260.4758062204404 15.873293797862654
-262.53695017103905 15.991477862684194
