# BEGINHEADER
# This file contains data from the SALSA 2m radio telescope.
# DATE=2025-03-12T09:33:0012
# GLON and GLAT given in degrees
# GLON=104.86795844939114
# GLAT=-0.07782002875071804
# DATA in two columns below. Col. 1 is velocity relative to LSR [km/s]. Col. 2 is uncalibrated antenna temperature [K].
# ENDHEADER
270.5385807127571 10.531645966842783
268.47743676215845 17.467804818736706
266.4162928115598 12.691511195227402
264.3551488609612 11.283669773456776
262.29400491036256 7.22065530241483
260.2328609597639 13.040066167896663
258.17171700916526 13.29849949625776
256.1105730585666 15.293090735262439
254.04942910796797 13.426212717906507
251.98828515736935 12.77018403018728
249.9271412067707 15.172616522355403
247.86599725617205 11.596782592142873
245.8048533055734 10.387328136265193
243.74370935497478 13.862726980895083
241.68256540437613 15.116802804917107
239.62142145377751 12.494303876251013
237.56027750317884 13.807607166100754
235.4991335525802 14.366172826469047
233.43798960198157 13.08875548273124
231.37684565138292 13.360032470459647
229.3157017007843 10.477506904373497
227.25455775018563 10.362541195024384
225.193413799587 12.330828584359999
223.13226984898836 12.385085721149277
221.07112589838974 13.15103587212776
219.0099819477911 9.808951945410584
216.94883799719244 11.835310729065034
214.8876940465938 11.582504393881075
212.82655009599517 14.659320971943687
210.76540614539653 14.669769673315628
208.70426219479788 12.82859794727718
206.64311824419923 12.947754582128724
204.5819742936006 10.981027281546297
202.52083034300196 10.541551017146718
200.45968639240334 9.013805779096677
198.39854244180466 10.058429954095976
196.33739849120605 10.951021302554784
194.27625454060743 10.8749236806847
192.21511059000878 11.16825347400736
190.15396663941013 6.908300589485863
188.09282268881148 13.745246972205008
186.03167873821286 13.89418981766792
183.9705347876142 13.829638932701569
181.90939083701556 10.755921312160508
179.84824688641692 11.856632926740403
177.7871029358183 9.307910012759335
175.72595898521965 15.872356138984124
173.66481503462103 14.178251712184357
171.60367108402235 13.872319122089696
169.54252713342373 10.876036027387965
167.48138318282508 13.431788873192108
165.42023923222646 18.271049201475517
163.35909528162782 12.671169811683246
161.29795133102917 11.806162411987119
159.23680738043052 6.972527908148305
157.17566342983187 10.485666504801376
155.11451947923325 12.924020465017065
153.05337552863458 9.6917837185928
150.99223157803596 12.544175716450292
148.9310876274373 9.922829935610887
146.8699436768387 10.395978812346604
144.80879972624004 12.585531121697416
142.7476557756414 14.290178451123579
140.68651182504274 12.3690865241583
138.62536787444412 11.573180604284437
136.56422392384547 11.47739265746303
134.50307997324686 11.136250393257606
132.44193602264818 15.085267375354098
130.38079207204956 14.10819620646753
128.3196481214509 12.66450130490099
126.25850417085226 8.505344095628715
124.19736022025363 10.47431478368276
122.136216269655 11.904758611636653
120.07507231905635 7.852463633909798
118.01392836845771 14.128552947450393
115.95278441785906 17.797588944358974
113.89164046726043 12.109532571763538
111.83049651666178 12.659158784498004
109.76935256606315 15.5726830019599
107.70820861546451 13.369855902813256
105.64706466486587 14.864530944789744
103.58592071426723 10.664695074529373
101.52477676366858 12.065229103222526
99.46363281306994 9.699699282247408
97.40248886247129 15.269126479190714
95.34134491187265 8.826672843149204
93.28020096127402 7.467085340925125
91.21905701067537 13.530158869371153
89.15791306007674 16.11074757128521
87.09676910947809 9.842147359564864
85.03562515887945 9.707650938798349
82.9744812082808 11.349683372641048
80.91333725768217 10.856583704626823
78.85219330708354 16.13965794069502
76.79104935648489 10.55511996118703
74.72990540588626 8.946358015473768
72.66876145528761 11.886646279112274
70.60761750468897 14.368705527042707
68.54647355409033 12.691235983327045
66.48532960349169 10.759247639423705
64.42418565289304 8.236444176691581
62.3630417022944 13.799684702634039
60.30189775169577 10.483906460614751
58.24075380109713 8.752599574193352
56.17960985049849 11.742272919558955
54.118465899899846 11.780144643775575
52.057321949301205 16.2364773958316
49.99617799870256 10.23863466415964
47.935034048103915 5.580377738390152
45.873890097505274 16.516821334917058
43.81274614690663 14.4433610599633
41.75160219630799 10.933624565291543
39.69045824570935 13.014004184033972
37.62931429511071 10.905615520585979
35.568170344512076 10.62860526389888
33.507026393913435 13.903406141602037
31.44588244331479 11.743403040852943
29.38473849271615 13.401351843305672
27.323594542117505 12.848053606660102
25.262450591518867 13.009231325318705
23.201306640920226 13.115116260195348
21.140162690321585 15.816807076964649
19.079018739722947 12.513140215752781
17.017874789124303 11.19423686682341
14.956730838525662 15.11590938216532
12.895586887927022 18.950098902264237
10.834442937328383 22.6882368811246
8.77329898672974 24.935647265840934
6.712155036131099 31.679822567614604
4.651011085532459 52.87583198269179
2.5898671349338183 73.28576384050743
0.5287231843351778 79.93807620789634
-1.5324207662634628 98.8314964800521
-3.5935647168621037 93.41187784504406
-5.654708667460745 88.75192618194349
-7.715852618059386 79.3005330170341
-9.776996568658028 71.78409654855257
-11.838140519256667 66.734257181822
-13.899284469855308 57.422822919655
-15.96042842045395 43.678654783516365
-18.02157237105259 51.82748561898287
-20.08271632165123 47.61783134704033
-22.14386027224987 50.24217844788127
-24.205004222848512 50.512818674951404
-26.266148173447153 48.69720398156301
-28.327292124045794 43.78284610761741
-30.38843607464443 45.976921140454564
-32.44958002524307 49.03720250806156
-34.510723975841714 51.39565533263956
-36.571867926440355 53.52549944247307
-38.633011877038996 46.264134382586
-40.69415582763764 51.20723878244243
-42.75529977823628 60.05581491636505
-44.816443728834926 61.2635136660085
-46.87758767943356 67.79334934232921
-48.9387316300322 75.58314096587037
-50.999875580630835 71.74759171256811
-53.061019531229476 76.87157646873567
-55.12216348182812 78.43049336854352
-57.18330743242676 70.36534179893923
-59.2444513830254 70.43901006164168
-61.30559533362404 67.86543274770122
-63.366739284222675 69.53655858407846
-65.42788323482132 68.12833550223154
-67.48902718541997 63.62330866210299
-69.5501711360186 57.37674855990505
-71.61131508661724 50.62990221028172
-73.67245903721589 40.42878005700899
-75.73360298781452 36.83181297435629
-77.79474693841317 32.87710268437873
-79.8558908890118 33.03183908553163
-81.91703483961045 23.443636153170964
-83.97817879020909 22.591693620233006
-86.03932274080772 27.19420734823015
-88.10046669140637 32.116042768764835
-90.161610642005 28.754887358633304
-92.22275459260365 29.2017829102095
-94.2838985432023 28.898553824151097
-96.34504249380095 31.750773771461294
-98.40618644439958 33.92294720043537
-100.46733039499821 30.363728263580768
-102.52847434559686 27.991866897711375
-104.5896182961955 23.63797213859213
-106.65076224679414 22.020437256166723
-108.71190619739278 24.52414843774232
-110.77305014799143 23.820421114231248
-112.83419409859006 23.328526981083886
-114.8953380491887 17.94261951363406
-116.95648199978734 17.408945736814257
-119.01762595038598 15.900481243827265
-121.07876990098462 17.020205174042292
-123.13991385158326 12.793388862785237
-125.20105780218191 13.702947234736794
-127.26220175278054 17.682125584888794
-129.32334570337918 17.53187613060782
-131.38448965397782 17.006527938929295
-133.44563360457647 14.302544025620836
-135.5067775551751 13.033233090291736
-137.56792150577377 11.55033550594903
-139.6290654563724 15.777048026965995
-141.69020940697104 17.44688316030535
-143.75135335756966 10.839340419773986
-145.8124973081683 12.573012224005923
-147.87364125876695 15.453878222274264
-149.9347852093656 15.18708629846849
-151.99592915996425 15.982004904786598
-154.05707311056287 15.672402593072277
-156.11821706116152 19.075695929586857
-158.17936101176016 13.540680832631612
-160.2405049623588 16.07340027640545
-162.30164891295743 16.350441191988068
-164.36279286355608 10.637200083521583
-166.42393681415473 13.386660630868796
-168.48508076475338 15.210399526911136
-170.546224715352 15.432437419254802
-172.60736866595064 17.143818675834172
-174.66851261654926 17.82352957249185
-176.72965656714794 23.333864946105628
-178.79080051774656 16.70306915247564
-180.8519444683452 15.237702535506632
-182.91308841894383 18.00262575706968
-184.97423236954248 16.987760686254042
-187.03537632014113 17.168390390738235
-189.09652027073977 15.51959076881031
-191.15766422133842 8.611139063303527
-193.21880817193704 15.040055568084716
-195.2799521225357 20.26731407047669
-197.34109607313434 15.45577863393182
-199.40224002373301 22.46584412175265
-201.46338397433163 19.394041474582416
-203.52452792493028 16.360351914478176
-205.5856718755289 19.23940646405987
-207.64681582612758 18.337084800184588
-209.7079597767262 16.71252879297335
-211.76910372732485 16.27006828942913
-213.83024767792347 12.810977538322028
-215.89139162852211 14.316891689162748
-217.95253557912076 16.88554017833496
-220.0136795297194 15.493700872806581
-222.07482348031803 14.51966988751722
-224.13596743091668 15.665969047395732
-226.1971113815153 15.396376206180458
-228.25825533211398 16.412246522149637
-230.31939928271262 19.954113572383815
-232.38054323331124 14.523771072671217
-234.4416871839099 19.37599490229368
-236.50283113450854 16.20808301588408
-238.5639750851072 17.469357209468317
-240.6251190357058 15.825705139203448
-242.68626298630446 14.583423975020835
-244.74740693690308 18.656142518235665
-246.80855088750175 19.582899535581472
-248.86969483810037 18.615399603835638
-250.93083878869902 14.070228717563795
-252.99198273929764 17.64533569847754
-255.0531266898963 19.108184065423316
