# BEGINHEADER
# This file contains data from the SALSA 2m radio telescope.
# DATE=2025-03-12T09:45:0051
# GLON and GLAT given in degrees
# GLON=159.792548781463
# GLAT=-0.29519124326881
# DATA in two columns below. Col. 1 is velocity relative to LSR [km/s]. Col. 2 is uncalibrated antenna temperature [K].
# ENDHEADER
233.05568334914932 8.49725561151825
230.99453939855067 13.944218170415072
228.93339544795205 11.216967548018552
226.8722514973534 12.768763805317755
224.81110754675476 13.354382017311465
222.7499635961561 13.806883290381865
220.68881964555746 13.046092307866388
218.62767569495884 11.051315917693822
216.5665317443602 14.972479982637394
214.50538779376157 10.966901486298454
212.4442438431629 8.346135019249031
210.38309989256427 11.625181592750296
208.32195594196563 9.370389384588151
206.260811991367 10.969830376992444
204.19966804076833 13.651502698277534
202.1385240901697 9.85233945170017
200.07738013957106 11.061172136838882
198.01623618897247 12.143490633798029
195.9550922383738 11.23470666396522
193.89394828777517 12.752170996496037
191.83280433717653 13.560455806916682
189.7716603865779 13.118482111281779
187.71051643597926 10.451232554581363
185.64937248538058 12.436788240002699
183.58822853478196 12.405388003136915
181.5270845841833 10.530889281386308
179.4659406335847 8.89811546278242
177.40479668298602 9.721748506688504
175.3436527323874 11.259950819818302
173.28250878178875 12.32922278747689
171.22136483119013 11.0292881317311
169.16022088059148 15.776723626513942
167.09907692999283 10.363498095223532
165.03793297939418 9.577792006931025
162.97678902879557 8.15561423667878
160.91564507819692 12.570782020724765
158.8545011275983 13.333206213232895
156.79335717699962 12.072426407292193
154.732213226401 10.699936324220433
152.67106927580235 8.80622660089641
150.60992532520373 14.626981066735851
148.54878137460506 11.044218762104277
146.4876374240064 8.811232483290024
144.4264934734078 9.094720560297318
142.36534952280914 9.45309964798322
140.30420557221052 14.869691483151517
138.24306162161184 7.701568848955956
136.18191767101322 13.776195990235188
134.12077372041458 8.229362700740058
132.05962976981596 9.531502057082495
129.9984858192173 12.928931295989646
127.93734186861866 14.261335103937588
125.87619791802001 12.156958696504555
123.81505396742138 8.74564745482491
121.75391001682273 13.753390712675847
119.6927660662241 9.737056432731746
117.63162211562546 12.041950304998014
115.57047816502681 9.000224572617734
113.50933421442818 10.975411999571543
111.44819026382953 10.894926793649391
109.3870463132309 11.538821044480455
107.32590236263225 12.265975676494962
105.26475841203361 11.379025790986264
103.20361446143498 8.461446344475867
101.14247051083633 12.22419238243348
99.08132656023768 12.066748873641027
97.02018260963905 13.32147057670903
94.9590386590404 10.778067525393832
92.89789470844177 12.041358788058641
90.8367507578431 10.40061603076064
88.77560680724447 12.49858278936868
86.71446285664582 9.113776661924993
84.65331890604719 12.24869224109247
82.59217495544856 11.750965253074808
80.53103100484991 7.460937346022507
78.46988705425127 9.94722630898217
76.40874310365263 13.022805419187996
74.34759915305399 8.638936027590848
72.28645520245534 10.617895774904037
70.22531125185671 11.435167515105809
68.16416730125808 10.322095100326715
66.10302335065943 10.710544947478112
64.0418794000608 13.106874446323458
61.980735449462145 10.174681443449325
59.919591498863504 11.575870615789533
57.85844754826486 9.39530350619072
55.79730359766622 8.39838265610524
53.73615964706758 11.003783652319393
51.67501569646894 9.114797145452526
49.613871745870306 8.97178008484745
47.55272779527167 10.278512653679568
45.49158384467303 14.20340313031358
43.43043989407438 8.4172641395662
41.36929594347574 8.823139657548955
39.3081519928771 8.253750527180259
37.24700804227846 8.656298893615322
35.18586409167982 7.897998566702179
33.124720141081184 10.620924667417329
31.06357619048254 11.372389847864186
29.0024322398839 5.679368743834048
26.941288289285257 11.86583743182826
24.880144338686616 12.069488121389657
22.819000388087975 13.68396519884094
20.757856437489334 17.252974921145615
18.696712486890693 14.677622624473363
16.635568536292052 18.579615451926394
14.57442458569341 17.440224063805015
12.513280635094771 17.070507835344507
10.452136684496129 22.831767247590857
8.39099273389749 29.20722263937261
6.329848783298848 38.638376751638255
4.268704832700207 50.93900488196873
2.2075608821015664 61.75761887721302
0.14641693150292556 64.18033057727243
-1.9147270190957153 74.5818203648615
-3.975870969694356 81.48857365087085
-6.0370149202929975 77.92711694967367
-8.098158870891638 84.99729348497037
-10.159302821490279 78.22308195429758
-12.22044677208892 73.70287757296455
-14.28159072268756 79.07800834570303
-16.342734673286202 85.56726942937676
-18.40387862388484 82.56768399409908
-20.465022574483484 85.61454977417829
-22.526166525082125 88.72739787049576
-24.587310475680763 83.04698626553696
-26.6484544262794 83.94031126028099
-28.70959837687804 79.42576187299159
-30.770742327476686 75.64491711867868
-32.831886278075324 77.2810118631083
-34.893030228673965 74.59397047694445
-36.954174179272606 65.35398673691589
-39.01531812987125 56.27050732321574
-41.07646208046989 46.08435121766
-43.13760603106853 46.456823590785554
-45.19874998166717 41.68642114338488
-47.25989393226581 37.48268881230218
-49.321037882864445 34.801019936325716
-51.38218183346309 27.592350408339914
-53.44332578406174 23.08293838931317
-55.50446973466038 22.541739131116348
-57.565613685259024 20.127126516489483
-59.62675763585766 21.777599980788384
-61.6879015864563 27.7814894197268
-63.74904553705494 19.671414536911207
-65.81018948765359 16.722760538300054
-67.87133343825222 16.194070137007113
-69.93247738885087 16.657559059216144
-71.9936213394495 17.035230564292142
-74.05476529004815 13.077868416378996
-76.11590924064679 16.94192265141531
-78.17705319124543 13.69105675332015
-80.23819714184407 11.957081665640986
-82.2993410924427 11.36790313910565
-84.36048504304135 10.876868440989751
-86.42162899363998 15.30332102485026
-88.48277294423863 11.40297728072151
-90.54391689483727 8.313085717069479
-92.60506084543591 12.458600506559556
-94.66620479603455 8.050614274584246
-96.72734874663318 8.957486742199297
-98.78849269723183 10.824433633409521
-100.84963664783045 12.381613017528222
-102.91078059842911 13.232253933603147
-104.97192454902775 13.466573773323864
-107.0330684996264 12.913347006602537
-109.09421245022503 13.84513307472069
-111.15535640082368 15.185466322974627
-113.21650035142231 19.18881169418354
-115.27764430202095 10.380678287297597
-117.3387882526196 7.907109458380788
-119.39993220321823 9.714737601836024
-121.46107615381688 16.38446914099356
-123.52222010441551 10.489495313117061
-125.58336405501416 10.60546215432517
-127.64450800561279 12.769275406627024
-129.70565195621143 11.569860810984922
-131.76679590681007 12.988814253762852
-133.82793985740872 11.942282633999564
-135.88908380800737 11.165355125065654
-137.950227758606 7.944771864830606
-140.01137170920464 12.768838403319203
-142.07251565980326 14.76276848023355
-144.13365961040193 12.541450561357793
-146.19480356100055 11.778198634414023
-148.2559475115992 10.6484157519435
-150.31709146219782 13.147868886687455
-152.3782354127965 12.98585163050699
-154.43937936339512 11.343076454258762
-156.50052331399377 17.50696057800348
-158.5616672645924 12.6269407114702
-160.62281121519104 16.96058544720574
-162.6839551657897 13.691499190008024
-164.74509911638833 17.723408770140875
-166.80624306698698 13.739853994017583
-168.8673870175856 14.1416771689228
-170.92853096818425 14.05322102068908
-172.9896749187829 13.846242805906602
-175.05081886938154 16.02976223007157
-177.11196281998016 11.883809948446459
-179.1731067705788 17.314448700360092
-181.23425072117746 14.472671473101396
-183.2953946717761 16.453948836825482
-185.35653862237473 11.917739130092393
-187.41768257297338 12.0913454934904
-189.478826523572 11.663964137135011
-191.53997047417067 11.825555716153678
-193.6011144247693 13.995379895263659
-195.66225837536794 18.042026227721564
-197.72340232596656 16.97335473113309
-199.78454627656524 12.083064431798256
-201.84569022716389 15.595703522566346
-203.90683417776253 17.06763874661807
-205.96797812836118 13.798422012806938
-208.0291220789598 15.565141690005493
-210.09026602955845 13.585176460995951
-212.15140998015707 16.485337862567597
-214.21255393075575 13.216366073186698
-216.27369788135437 16.37834635010815
-218.334841831953 18.41543086492961
-220.39598578255163 17.78075639762716
-222.4571297331503 17.55898979202859
-224.51827368374893 13.207491114017499
-226.57941763434758 14.010363617568888
-228.6405615849462 14.153738928277575
-230.70170553554485 17.49003396597125
-232.7628494861435 15.226411320531797
-234.82399343674214 14.652180607408855
-236.8851373873408 18.04699894780788
-238.9462813379394 12.370055242185126
-241.00742528853806 16.606092692617388
-243.0685692391367 14.901425795420973
-245.12971318973536 13.6825827535916
-247.19085714033397 17.854185772306938
-249.25200109093262 12.780517372514486
-251.31314504153127 16.85223084964353
-253.37428899212992 20.945533117866685
-255.43543294272854 14.689204217721509
-257.4965768933272 14.705925578578672
-259.55772084392584 19.69947511141475
-261.6188647945245 19.684945442203507
-263.68000874512313 17.83691284872057
-265.7411526957218 17.891600655024014
-267.80229664632037 16.890405214870334
-269.863440596919 14.20066440539931
-271.92458454751767 14.71679086938009
-273.9857284981163 16.777368830415504
-276.04687244871496 17.098048541914334
-278.1080163993136 16.585774273806095
-280.16916034991226 16.88375287980994
-282.23030430051085 17.2300873367787
-284.2914482511095 18.02839738478412
-286.3525922017082 14.784426176890177
-288.4137361523068 11.014190341227113
-290.47488010290544 14.809317395669817
-292.53602405350404 15.968619081577293
