# BEGINHEADER
# This file contains data from the SALSA 2m radio telescope.
# DATE=2025-03-12T09:30:0012
# GLON and GLAT given in degrees
# GLON=99.8410986861296
# GLAT=-0.057627898197761956
# DATA in two columns below. Col. 1 is velocity relative to LSR [km/s]. Col. 2 is uncalibrated antenna temperature [K].
# ENDHEADER
274.2783495203831 9.935186296280754
272.21720556978437 16.880243514915357
270.1560616191858 13.821474198543896
268.09491766858713 15.661518052996273
266.03377371798854 9.400288077883626
263.97262976738983 9.43349409780155
261.91148581679124 11.10712107722727
259.85034186619254 11.035306984950465
257.78919791559395 7.7946705686822435
255.7280539649953 11.908693690623497
253.66691001439665 17.48770232012125
251.60576606379803 9.88814767268767
249.54462211319935 13.786590685125633
247.48347816260073 9.864535370730858
245.42233421200208 9.801866020494657
243.36119026140346 11.391592338962166
241.3000463108048 9.004418203173092
239.23890236020617 12.986045592290958
237.17775840960752 12.353686621602739
235.11661445900887 9.425604911560958
233.05547050841025 7.343041478767877
230.99432655781158 8.477018416593582
228.93318260721296 9.273645588883173
226.8720386566143 14.649314527909674
224.8108947060157 13.982083625849162
222.74975075541704 11.51685292393156
220.6886068048184 14.772954620338439
218.62746285421974 9.226730458404235
216.56631890362112 12.794246568307107
214.50517495302248 10.72837320598355
212.44403100242386 14.18136092433233
210.38288705182518 10.559241869996589
208.32174310122656 7.820245980997807
206.2605991506279 8.467328006692574
204.1994552000293 8.02394078769065
202.13831124943061 13.37005497523254
200.077167298832 11.073511595468716
198.01602334823338 9.908808581733972
195.95487939763473 8.884776057148285
193.89373544703608 10.139957768402738
191.83259149643743 13.841508251020676
189.7714475458388 14.028642379904214
187.71030359524016 8.168417197370829
185.64915964464151 15.818539618487604
183.58801569404287 9.374547136379556
181.52687174344425 10.20736005746318
179.4657277928456 9.11597365315514
177.40458384224698 9.726868581428866
175.3434398916483 10.434956240343176
173.28229594104968 7.599351249424487
171.22115199045103 12.452879457394959
169.1600080398524 11.524912063224646
167.09886408925377 13.807895863251224
165.03772013865512 10.478482490889258
162.97657618805647 11.022234616215846
160.91543223745785 9.249003327128454
158.8542882868592 6.740274489683891
156.79314433626055 9.905126911280476
154.7320003856619 4.269957848091643
152.67085643506326 9.68664222896013
150.60971248446464 9.757083931294634
148.548568533866 15.80052889506929
146.48742458326734 7.876791505783352
144.4262806326687 7.214744863039955
142.36513668207007 10.614350919524624
140.30399273147142 14.017445593381025
138.2428487808728 10.169105600497842
136.18170483027413 9.798590578761733
134.1205608796755 11.005618035265764
132.05941692907686 10.160136941907918
129.9982729784782 8.45785131907024
127.93712902787958 10.514013752698604
125.87598507728094 11.619048381584376
123.8148411266823 10.900730861094729
121.75369717608366 10.927423231588012
119.69255322548501 8.608489698235063
117.63140927488638 8.139950214032257
115.57026532428775 8.836427086879551
113.5091213736891 6.49892688462971
111.44797742309046 13.474596623972472
109.38683347249182 9.841885437881682
107.32568952189318 14.577901588636964
105.26454557129453 7.13464531373475
103.2034016206959 11.760963494670655
101.14225767009727 10.589401861495086
99.0811137194986 7.5721635371164755
97.01996976889997 12.794636521690263
94.95882581830132 15.787945477060857
92.89768186770269 16.143312393990303
90.83653791710404 8.986817847025417
88.7753939665054 9.615900435871332
86.71425001590677 11.169846680863808
84.65310606530812 12.344035972838165
82.59196211470949 8.641718949954724
80.53081816411084 8.707566654586357
78.4696742135122 14.828215014295015
76.40853026291356 9.343544025774088
74.34738631231492 11.841872691130682
72.28624236171629 9.6844754289876
70.22509841111764 12.841745782205892
68.16395446051901 9.315881535242568
66.10281050992036 9.462463386799014
64.04166655932173 16.503866808765093
61.98052260872308 12.337882290076518
59.91937865812444 8.957872166255381
57.858234707525796 12.80061681244998
55.797090756927155 8.863568793432176
53.73594680632852 9.5099862067652
51.67480285572987 9.466289122818354
49.61365890513123 10.647155333989321
47.55251495453259 13.449544146897438
45.49137100393395 8.699674983105563
43.43022705333531 11.680644979270697
41.36908310273667 11.550401582708671
39.30793915213803 9.571475613831442
37.24679520153939 12.406039600343844
35.18565125094075 11.707730933510588
33.12450730034211 10.847917542715237
31.063363349743465 9.428697110901131
29.002219399144828 9.578416232459402
26.941075448546183 10.626482707690727
24.879931497947542 15.653425976486501
22.8187875473489 13.274716785014942
20.757643596750263 12.72385009542921
18.696499646151622 13.376481293787215
16.635355695552978 12.211975240283344
14.574211744954338 14.907021806583373
12.513067794355699 17.824009626398013
10.451923843757058 25.863627578919072
8.390779893158417 33.66128698561436
6.329635942559777 42.799155393444366
4.2684919919611355 62.13527640956
2.2073480413624944 82.22888320041795
0.14620409076385368 93.11699489707168
-1.914939859834787 85.21221276208838
-3.9760838104334275 77.90953672204657
-6.037227761032068 78.90645356396091
-8.098371711630708 74.1165643149246
-10.15951566222935 66.19631279394089
-12.22065961282799 61.07256410816223
-14.281803563426632 59.3084376870323
-16.342947514025273 63.925731888329985
-18.404091464623914 67.45136008656732
-20.46523541522255 61.754566152008564
-22.526379365821196 54.56050957776989
-24.587523316419837 52.3799904389642
-26.648667267018475 52.165920274543076
-28.709811217617116 51.929555090610734
-30.77095516821576 52.64072113485224
-32.8320991188144 52.06953905025387
-34.89324306941304 55.207064532402775
-36.95438702001168 52.14713896167199
-39.01553097061032 53.06878612360841
-41.07667492120896 55.0339965050984
-43.137818871807596 55.458115575805806
-45.198962822406244 54.34128913953848
-47.260106773004885 54.27551956270047
-49.32125072360353 66.1203201990809
-51.38239467420217 56.81781907814835
-53.44353862480081 60.51092478280831
-55.50468257539945 60.453372849201855
-57.565826525998084 65.52355193874826
-59.626970476596725 71.40565941331478
-61.688114427195366 61.25332082657343
-63.74925837779401 69.42727229394427
-65.81040232839266 57.137227581254066
-67.87154627899129 55.57502356758115
-69.93269022958994 58.09229466006431
-71.99383418018857 45.816459828726465
-74.05497813078722 43.474350211919294
-76.11612208138585 38.54031112999793
-78.17726603198449 33.21970763582616
-80.23840998258314 31.772164875460465
-82.29955393318177 29.576305419457043
-84.36069788378042 30.88774677771396
-86.42184183437905 28.298873577517245
-88.4829857849777 30.032576904062296
-90.54412973557633 37.45663966283957
-92.60527368617497 35.60849476656589
-94.66641763677363 33.32683136642981
-96.72756158737226 32.27322390074244
-98.78870553797091 29.872481907675517
-100.84984948856955 26.113862129549663
-102.9109934391682 27.322459792416133
-104.97213738976683 23.154085600196563
-107.03328134036546 22.524325195232674
-109.09442529096411 21.396535300246484
-111.15556924156274 17.957694710661066
-113.2167131921614 20.640008531895525
-115.27785714276003 20.500824724913343
-117.33900109335868 17.984234611825553
-119.40014504395731 19.492791515268582
-121.46128899455594 16.731245577726455
-123.52243294515459 14.91906748875683
-125.58357689575323 18.38228156320097
-127.64472084635187 16.63496139100243
-129.70586479695052 16.17262131299176
-131.76700874754914 15.567482168344487
-133.8281526981478 14.938668748857054
-135.88929664874644 13.994887495017261
-137.9504405993451 12.09527109629746
-140.0115845499437 8.115493730438825
-142.07272850054235 13.04887689698972
-144.133872451141 12.743822309755656
-146.19501640173965 12.829873409491851
-148.25616035233827 17.500134400420364
-150.31730430293692 12.872270258040027
-152.37844825353557 13.98800057496078
-154.43959220413421 13.374490369537861
-156.50073615473286 13.948781902701553
-158.56188010533148 14.958569362382187
-160.62302405593013 12.032037459041499
-162.68416800652875 15.434200119089017
-164.74531195712743 15.305967684399318
-166.80645590772605 12.773021369935847
-168.8675998583247 12.53693022386252
-170.92874380892331 16.445826431240302
-172.989887759522 9.85077651184251
-175.0510317101206 12.88246763946393
-177.11217566071926 16.74792024706402
-179.17331961131788 15.086215378862446
-181.23446356191653 19.07200576635359
-183.29560751251518 16.758030783684163
-185.35675146311382 13.473455483265296
-187.41789541371244 15.622932135458102
-189.4790393643111 13.648299549774451
-191.54018331490974 11.206747867305006
-193.6013272655084 15.10782801744107
-195.66247121610704 13.417000874340482
-197.72361516670566 14.735385411587114
-199.78475911730433 16.687581367056197
-201.84590306790295 16.799619305928573
-203.9070470185016 15.408478260998365
-205.96819096910025 17.482540604724164
-208.0293349196989 12.943872242045993
-210.09047887029752 18.170992174482134
-212.15162282089616 13.829158826014318
-214.2127667714948 17.072919816066705
-216.27391072209346 17.95122190151612
-218.33505467269208 16.614310624912335
-220.39619862329073 17.65998056056009
-222.45734257388935 16.922244360228913
-224.51848652448803 14.581578085487832
-226.57963047508665 12.587013166501535
-228.6407744256853 14.81339825899411
-230.70191837628394 17.53289600306145
-232.76306232688256 14.092902578994968
-234.82420627748124 16.1129453482782
-236.88535022807986 15.45968722328384
-238.9464941786785 20.888454494553752
-241.00763812927713 18.040709785596704
-243.0687820798758 12.86998826846803
-245.12992603047442 17.2839910820602
-247.19106998107307 14.239325484883677
-249.2522139316717 14.61335273913574
-251.31335788227034 13.09606295221165
