# BEGINHEADER
# This file contains data from the SALSA 2m radio telescope.
# DATE=2025-03-12T10:00:0009
# GLON and GLAT given in degrees
# GLON=34.86659313160188
# GLAT=0.24114392377464158
# DATA in two columns below. Col. 1 is velocity relative to LSR [km/s]. Col. 2 is uncalibrated antenna temperature [K].
# ENDHEADER
307.2742384312323 6.209892531934699
305.21309448063363 16.82482956403079
303.15195053003504 16.050524509382658
301.09080657943633 12.309485993423737
299.0296626288377 10.763642080614973
296.9685186782391 15.396193628198567
294.90737472764044 14.460302207020174
292.84623077704174 16.546924361185052
290.78508682644315 13.3455445678594
288.7239428758445 22.468784683003552
286.6627989252459 22.406889155080066
284.6016549746472 9.728092620292271
282.54051102404856 14.016376288668198
280.47936707344996 9.17139453113991
278.4182231228513 14.052336766018984
276.35707917225267 14.306370392669724
274.295935221654 16.18751332046892
272.23479127105537 14.070257167344995
270.1736473204567 10.111345090104274
268.1125033698581 12.476782322494415
266.0513594192595 13.729032855952811
263.99021546866084 12.945674068047865
261.9290715180622 13.615531721824949
259.86792756746354 16.922400627880357
257.8067836168649 17.42927072311578
255.74563966626624 11.670648340322192
253.68449571566762 13.32714303458051
251.62335176506897 9.010841953553177
249.56220781447033 15.424244693724413
247.50106386387168 10.940820425443842
245.43991991327306 9.72422963991421
243.3787759626744 12.90782699727505
241.3176320120758 11.231186703602976
239.2564880614771 12.498907072951011
237.1953441108785 13.506375148074504
235.13420016027985 10.52075834453492
233.0730562096812 12.292778710121128
231.01191225908258 16.35453344679167
228.9507683084839 12.683900957197322
226.88962435788528 10.893031663991795
224.82848040728663 15.0814197000094
222.767336456688 15.258863398837626
220.70619250608937 14.927283297770433
218.64504855549072 13.806189890459075
216.58390460489207 13.42022304908899
214.52276065429345 13.001861473685578
212.4616167036948 11.133909705768977
210.40047275309615 12.867572501737673
208.3393288024975 16.338029734364834
206.27818485189889 6.96014392015692
204.21704090130024 10.648493335712397
202.15589695070162 20.33382528845296
200.09475300010294 11.691653741275996
198.03360904950435 9.847264167488788
195.9724650989057 12.836246893533644
193.91132114830705 16.213804612806225
191.8501771977084 11.639528658204283
189.78903324710976 9.040648774424374
187.72788929651114 7.299460783015542
185.6667453459125 12.114630031851434
183.60560139531384 12.976904670122448
181.5444574447152 12.205407173150986
179.48331349411657 13.536903870767304
177.42216954351792 9.432927190729922
175.3610255929193 9.033879492525918
173.29988164232063 12.960232120818315
171.238737691722 10.3514843058666
169.17759374112336 12.554858817098282
167.11644979052474 10.551859607948968
165.0553058399261 13.588959713258834
162.99416188932744 13.140148412874769
160.9330179387288 14.627719209846948
158.87187398813018 14.937300244945385
156.81073003753153 9.891832293293362
154.74958608693285 9.354051859674723
152.68844213633423 9.117108459184301
150.62729818573558 9.634977271001997
148.56615423513696 13.766329065651432
146.50501028453832 10.580471462196
144.44386633393967 12.114422096253326
142.38272238334102 10.657666027493862
140.3215784327424 11.161174263703707
138.26043448214375 8.6129456083099
136.19929053154513 12.666424671742746
134.13814658094645 15.27864555532493
132.07700263034783 10.241857425969302
130.0158586797492 11.04927995461935
127.95471472915054 13.107994456647404
125.8935707785519 14.058820158214196
123.83242682795327 14.006695559780805
121.77128287735462 14.902672129168883
119.71013892675599 11.783278333308013
117.64899497615734 12.714801757693012
115.5878510255587 15.146164907328398
113.52670707496006 14.514670403629188
111.46556312436142 15.977484295331285
109.40441917376279 20.605629580342974
107.34327522316414 20.957267853875923
105.28213127256551 21.4878747162053
103.22098732196686 26.528115064377
101.15984337136823 28.729504021813707
99.09869942076956 32.64463894969481
97.03755547017093 35.1172618955692
94.9764115195723 30.729665251436995
92.91526756897365 40.97270514093842
90.85412361837501 39.4755642279852
88.79297966777636 41.885347763825635
86.73183571717773 45.078008986606505
84.67069176657908 41.32065535528609
82.60954781598045 45.340546652136354
80.54840386538181 48.63481586545542
78.48725991478317 51.31850856852803
76.42611596418453 47.24246144878724
74.36497201358588 46.25687447488366
72.30382806298725 49.49334016631247
70.2426841123886 42.38382238281392
68.18154016178997 40.906051782007204
66.12039621119133 43.116698510847435
64.05925226059269 52.45839194700051
61.998108309994045 48.69012778223324
59.936964359395404 49.77524848016588
57.87582040879676 60.492964047564364
55.81467645819812 64.51877988689044
53.75353250759948 63.18532955773618
51.69238855700084 66.67352678282887
49.63124460640219 63.681766337163346
47.57010065580356 63.024310532331675
45.508956705204916 65.53014084920768
43.447812754606275 65.33918190543952
41.386668804007634 68.30072798747506
39.32552485340899 66.86205646229526
37.26438090281035 68.95245495004869
35.20323695221171 66.39599281351246
33.14209300161308 69.67929643834665
31.080949051014432 69.82068796459907
29.01980510041579 71.93693728902556
26.95866114981715 76.71696470055277
24.897517199218505 75.30679637930886
22.836373248619864 74.69112130566673
20.775229298021223 72.59611178110609
18.714085347422586 76.28651924479533
16.65294139682394 85.03087830953498
14.5917974462253 85.88100526441727
12.53065349562666 88.69815933400122
10.469509545028021 94.54979670780763
8.40836559442938 84.68522058418877
6.34722164383074 76.5027912228933
4.286077693232099 72.08698967976795
2.224933742633458 66.72639712193345
0.16378979203481722 62.64366005937123
-1.8973541585638236 46.44210605801357
-3.958498109162464 33.50061498168815
-6.019642059761105 33.949957475458184
-8.080786010359747 25.357257295117606
-10.141929960958388 24.878088849094137
-12.203073911557027 30.373394295784166
-14.264217862155668 26.42096582648117
-16.32536181275431 31.03672084935443
-18.38650576335295 32.67524790871581
-20.44764971395159 33.92714454666882
-22.508793664550232 32.52721311345949
-24.569937615148874 31.534104283457648
-26.63108156574751 30.182928917762467
-28.692225516346152 35.24977063606936
-30.75336946694479 33.33701630285326
-32.81451341754344 31.397540500082584
-34.87565736814207 37.343785830965835
-36.93680131874071 37.25002122490663
-38.997945269339354 38.912391409621705
-41.059089219937995 37.31626489405769
-43.120233170536636 30.717221686144978
-45.18137712113528 30.222133602855546
-47.242521071733925 33.398669935788135
-49.30366502233256 35.68158759446613
-51.3648089729312 32.95332764275312
-53.42595292352984 31.536292087933795
-55.48709687412848 29.0390530876151
-57.548240824727124 24.51994820107728
-59.609384775325765 21.230177583114298
-61.670528725924406 19.828389292751066
-63.73167267652304 16.826510042055332
-65.7928166271217 20.632432978253618
-67.85396057772033 18.33113187456713
-69.91510452831896 18.90676874148762
-71.97624847891761 15.086026989043765
-74.03739242951625 10.80457120728921
-76.0985363801149 16.171892483557645
-78.15968033071353 13.720364013396098
-80.22082428131218 15.313439867548595
-82.28196823191081 15.844705851760263
-84.34311218250944 13.06874776924644
-86.40425613310809 13.241584017193244
-88.46540008370673 10.168881265492379
-90.52654403430537 16.493920490190355
-92.58768798490401 16.204784705355202
-94.64883193550267 14.694272881426569
-96.7099758861013 16.52936656379425
-98.77111983669994 19.49212383216414
-100.83226378729859 15.638977669896734
-102.89340773789722 16.72966842824233
-104.95455168849587 14.948331561127805
-107.0156956390945 13.294310737073094
-109.07683958969315 12.929207383241316
-111.13798354029178 15.907077583197667
-113.19912749089042 18.98913879807161
-115.26027144148907 14.925770093810177
-117.3214153920877 18.255925668315363
-119.38255934268635 15.383162479631519
-121.44370329328498 14.166217481166395
-123.50484724388363 14.352193612489
-125.56599119448227 16.495580270863496
-127.6271351450809 17.875974819913317
-129.68827909567955 18.73393081122608
-131.7494230462782 12.55882514909125
-133.81056699687682 16.55036116717669
-135.8717109474755 17.028727661284805
-137.9328548980741 21.138619789341583
-139.99399884867276 17.89594992666964
-142.05514279927138 12.084108754509133
-144.11628674987003 14.38470515776904
-146.17743070046868 20.553480406792314
-148.23857465106732 19.340531141288533
-150.29971860166594 14.159913978690819
-152.3608625522646 15.558296730568465
-154.42200650286324 13.113503712609004
-156.4831504534619 14.26541875385127
-158.54429440406054 15.120526863224717
-160.60543835465916 16.616907654386708
-162.6665823052578 14.906872288184944
-164.72772625585645 17.280640023365816
-166.7888702064551 17.87323214726675
-168.85001415705372 17.089871628772716
-170.91115810765237 16.057500079273158
-172.972302058251 14.895341239840091
-175.03344600884967 16.48736607226793
-177.09458995944829 22.051738629587685
-179.15573391004693 14.511173133187029
-181.21687786064555 15.787987735658747
-183.2780218112442 17.548674633708842
-185.33916576184285 19.69294659849089
-187.4003097124415 23.955683248016694
-189.46145366304012 16.326589644685956
-191.52259761363877 17.64972271357513
-193.5837415642374 20.33538331679569
-195.64488551483606 17.919230101518178
-197.7060294654347 17.42223643410718
-199.76717341603336 14.651646666507867
-201.828317366632 18.91112805408424
-203.88946131723063 17.270865315100068
-205.9506052678293 14.051116247842321
-208.01174921842792 18.077724540755263
-210.07289316902657 15.47098861930241
-212.1340371196252 22.11234082449263
-214.19518107022384 18.353940648143332
-216.2563250208225 21.197064849933025
-218.31746897142114 20.81092249916137
