# BEGINHEADER
# This file contains data from the SALSA 2m radio telescope.
# DATE=2025-03-12T09:39:0020
# GLON and GLAT given in degrees
# GLON=129.71940931431743
# GLAT=-0.16889829605113107
# DATA in two columns below. Col. 1 is velocity relative to LSR [km/s]. Col. 2 is uncalibrated antenna temperature [K].
# ENDHEADER
251.98857257357747 9.674055005379442
249.92742862297882 16.306549582667515
247.8662846723802 11.581294006492309
245.80514072178156 12.313161480921776
243.7439967711829 11.80546950694871
241.68285282058426 14.8727163844973
239.62170886998564 9.411056221027055
237.560564919387 7.283510340039523
235.49942096878834 12.791353880172787
233.4382770181897 11.760288743844669
231.37713306759107 13.539133177625224
229.31598911699243 13.790473788519098
227.2548451663938 14.086612247027478
225.19370121579513 12.825920304878316
223.13255726519648 9.124815822075776
221.07141331459786 12.078663965434805
219.0102693639992 13.896900007584527
216.9491254134006 13.906220306152594
214.88798146280192 13.439520391656743
212.8268375122033 9.698694033515986
210.76569356160465 12.932463988410776
208.70454961100603 9.409878055256463
206.64340566040735 7.149044865727491
204.58226170980873 16.072567538275845
202.52111775921009 10.000472429001645
200.45997380861147 8.889566801296484
198.39882985801282 9.472273792900708
196.33768590741417 11.402429487798864
194.27654195681552 9.046981001513283
192.2153980062169 10.18622497441594
190.15425405561825 8.88667625469368
188.09311010501963 11.45142122338713
186.03196615442096 6.810896298927631
183.9708222038223 6.917206335068948
181.9096782532237 14.77110262803549
179.84853430262504 10.485513046443883
177.78739035202642 16.125116673933956
175.72624640142774 11.724042490672762
173.66510245082912 8.44912992546041
171.60395850023048 11.948875500021666
169.54281454963186 12.640215464681148
167.48167059903318 13.497750351019928
165.42052664843456 12.350520395074644
163.3593826978359 13.689387206889265
161.2982387472373 8.168690377249767
159.23709479663864 11.36633800462657
157.17595084604 7.617738850459636
155.11480689544135 10.661898096163553
153.05366294484273 11.740197810250006
150.99251899424408 9.081166282008706
148.93137504364546 12.768987772468153
146.87023109304678 11.868350604700474
144.80908714244813 9.487672455917137
142.74794319184952 10.48663311550176
140.68679924125087 11.441861408246774
138.62565529065222 14.433583598583036
136.56451134005357 14.660752952654727
134.50336738945495 10.151636087415607
132.4422234388563 10.867576869811552
130.38107948825765 12.856362619242734
128.31993553765903 12.166540537248922
126.25879158706037 8.821515099707383
124.19764763646174 10.066876892435243
122.1365036858631 8.493441207995394
120.07535973526446 7.92178798546684
118.01421578466582 11.65738909233012
115.95307183406717 8.804518007914808
113.89192788346854 13.81546697642473
111.83078393286989 14.990107820975158
109.76963998227126 8.914241102013882
107.70849603167262 12.479039900758751
105.64735208107398 11.256678137907903
103.58620813047534 14.61746043884897
101.5250641798767 14.562491522658238
99.46392022927806 8.783404465477782
97.40277627867943 12.387075251531156
95.34163232808079 11.83061628289778
93.28048837748214 9.874855580764155
91.21934442688351 10.406100687727696
89.15820047628485 7.607810139871091
87.09705652568621 10.212603761039043
85.03591257508758 12.425244432788222
82.97476862448893 11.470976219144974
80.9136246738903 13.143561163488785
78.85248072329165 14.41249698913827
76.79133677269301 12.294225977296195
74.73019282209438 12.455601030374378
72.66904887149573 12.660321246070241
70.6079049208971 11.475817307708125
68.54676097029845 9.701025892568266
66.48561701969982 8.505401043157951
64.42447306910117 13.558474661092554
62.363329118502534 12.621724128478359
60.302185167903886 7.886950974827966
58.241041217305245 16.561476772232478
56.179897266706604 10.727363337006441
54.11875331610797 8.893167561735506
52.05760936550933 10.303823852443276
49.99646541491069 10.020104279108763
47.93532146431205 12.537348076129291
45.874177513713406 8.494730643526818
43.813033563114764 11.141434486291466
41.75188961251612 14.07945182541708
39.69074566191748 9.547611013224882
37.62960171131884 11.846709519368162
35.5684577607202 7.595222512361049
33.50731381012156 14.136375662046751
31.446169859522918 12.152197484914073
29.38502590892428 12.018557484678885
27.32388195832564 11.393918990202431
25.262738007726995 13.88914387913801
23.201594057128354 10.04945917567569
21.140450106529713 10.326977771488993
19.07930615593107 12.557647495114589
17.01816220533243 11.510763348941003
14.957018254733791 16.751555334371474
12.895874304135148 17.7550311696596
10.834730353536509 18.48279113167102
8.773586402937868 21.457913429020415
6.712442452339228 25.077160200775857
4.651298501740587 37.43502093426765
2.590154551141946 56.96997791950422
0.529010600543305 66.56363224369906
-1.5321333500553358 68.06293463063946
-3.593277300653977 69.27354057059449
-5.654421251252617 73.25364074651372
-7.715565201851258 73.63766619453993
-9.7767091524499 66.42071900540155
-11.83785310304854 61.6238362740912
-13.89899705364718 65.42301220788555
-15.960141004245822 59.68038571770804
-18.02128495484446 48.19289512743513
-20.082428905443102 46.979233472683966
-22.143572856041747 42.44965507706321
-24.204716806640384 39.42108311307947
-26.26586075723902 40.66462768139753
-28.327004707837663 40.416019707593826
-30.388148658436304 44.55038469001058
-32.44929260903494 49.96773599896096
-34.51043655963358 51.33223892344653
-36.57158051023223 61.416866598168305
-38.63272446083087 64.24051833111871
-40.69386841142951 69.6040009425371
-42.75501236202815 77.6341955101814
-44.81615631262679 82.53886433253614
-46.87730026322543 81.99953710095357
-48.93844421382407 80.6782107931174
-50.99958816442271 79.86312345909235
-53.06073211502135 78.49316978679265
-55.12187606561999 84.57737152503532
-57.183020016218634 76.77816336632617
-59.244163966817275 72.67513311056548
-61.30530791741592 65.77392008257141
-63.36645186801456 59.235159732081954
-65.4275958186132 53.13279620742992
-67.48873976921185 46.38096335659339
-69.54988371981048 37.700593926647755
-71.61102767040913 33.476828731654706
-73.67217162100776 33.02181954242252
-75.73331557160641 34.29727931831498
-77.79445952220505 32.34455880202715
-79.85560347280368 31.364629196337013
-81.91674742340233 32.689013811512915
-83.97789137400096 29.868545765765834
-86.03903532459961 34.98957137407723
-88.10017927519824 29.260831521825644
-90.16132322579689 28.104788388120593
-92.22246717639553 27.912489355752268
-94.28361112699416 29.608227606134587
-96.34475507759281 30.108345512212317
-98.40589902819144 27.004105268224915
-100.46704297879009 24.357352092413073
-102.52818692938874 24.85784945298537
-104.58933087998739 23.75456985452617
-106.65047483058603 23.61957910659117
-108.71161878118467 20.702227726898933
-110.77276273178332 18.919557621834997
-112.83390668238195 15.700914603197312
-114.89505063298058 18.31913533821212
-116.95619458357923 15.006806297381402
-119.01733853417787 14.770128192642414
-121.07848248477652 14.776521072239083
-123.13962643537515 16.778201956032447
-125.2007703859738 13.196467295050136
-127.26191433657243 13.059428892402986
-129.32305828717108 13.561802377878257
-131.3842022377697 14.823618715664477
-133.44534618836838 14.515258868838803
-135.506490138967 14.923998986006678
-137.56763408956564 11.095629873060876
-139.62877804016426 19.905258140586426
-141.6899219907629 16.42393317902125
-143.75106594136156 14.363921343103955
-145.8122098919602 13.92618826883563
-147.87335384255883 11.717548250262814
-149.93449779315748 13.600758340959095
-151.99564174375612 14.039186717335411
-154.05678569435477 14.530145317673602
-156.1179296449534 12.33606862808385
-158.17907359555204 17.524339985229314
-160.24021754615066 14.447906350484038
-162.30136149674934 13.788478712308253
-164.36250544734798 16.380761926188477
-166.4236493979466 12.682117210606702
-168.48479334854525 16.100095803760887
-170.54593729914387 13.432772154622869
-172.60708124974255 13.428734705408564
-174.66822520034117 14.043917656298092
-176.72936915093982 13.209748080548675
-178.79051310153844 15.792896182818925
-180.8516570521371 12.833630765467225
-182.91280100273573 14.481300538045716
-184.97394495333438 14.033898654751324
-187.035088903933 12.20661608962311
-189.09623285453165 11.654069483178109
-191.1573768051303 16.42137724644535
-193.21852075572895 14.759313743904826
-195.27966470632757 16.51891868669007
-197.3408086569262 16.341015511736853
-199.40195260752483 17.45013528013997
-201.4630965581235 16.591673700619523
-203.52424050872216 17.65237754447473
-205.58538445932078 16.466799246775764
-207.64652840991943 13.797406094371187
-209.70767236051805 12.50220200068609
-211.76881631111672 14.289712063654369
-213.82996026171534 17.948771037241922
-215.891104212314 13.957143310425712
-217.9522481629126 13.704534246643044
-220.0133921135113 17.2340746063061
-222.0745360641099 16.09308324609968
-224.13568001470856 15.566189273209359
-226.19682396530717 21.60475153969595
-228.25796791590582 22.048918284040255
-230.31911186650447 15.205328421469721
-232.38025581710312 17.421916278463154
-234.44139976770174 18.20265352425051
-236.5025437183004 15.46984692491604
-238.563687668899 21.491724607197085
-240.62483161949768 19.312452611500394
-242.68597557009633 13.48379841384585
-244.74711952069495 16.164901636924625
-246.8082634712936 16.461577789098293
-248.86940742189225 13.455961966684509
-250.9305513724909 14.08831033498439
-252.99169532308952 14.772602412122817
-255.05283927368816 18.239181256682187
-257.1139832242868 19.083089880250974
-259.17512717488546 17.426829390388146
-261.2362711254841 17.21316342029068
-263.29741507608276 12.617790083385348
-265.35855902668135 16.576374686190732
-267.41970297728 16.719667630624098
-269.48084692787864 17.09078247644376
-271.5419908784773 13.27832843561777
-273.60313482907594 17.769831386053205
