# BEGINHEADER
# This file contains data from the SALSA 2m radio telescope.
# DATE=2025-03-12T09:38:0017
# GLON and GLAT given in degrees
# GLON=124.87272421287979
# GLAT=-0.15835870909834643
# DATA in two columns below. Col. 1 is velocity relative to LSR [km/s]. Col. 2 is uncalibrated antenna temperature [K].
# ENDHEADER
255.5205170705322 4.472409924121269
253.45937311993353 10.699277899615614
251.3982291693349 10.287029056112019
249.33708521873626 14.667117245525382
247.27594126813764 12.77270901398358
245.21479731753897 12.724123180492363
243.15365336694035 11.000285555057255
241.0925094163417 13.626617022558127
239.03136546574308 14.994838037567167
236.97022151514443 9.192193556765611
234.90907756454575 11.58861475316311
232.84793361394713 13.655423297471684
230.7867896633485 12.630927032314581
228.72564571274987 11.486959714829595
226.66450176215122 10.353296912288792
224.60335781155257 11.26969481575951
222.54221386095392 12.029386845142884
220.4810699103553 11.70712730571624
218.41992595975665 11.937891854528674
216.358782009158 8.02724500869502
214.29763805855936 12.915265182691474
212.23649410796074 12.84149223309641
210.1753501573621 9.876313097175768
208.11420620676347 8.964625778641588
206.0530622561648 15.331217458657568
203.99191830556617 10.806955681321442
201.93077435496753 12.08967879720537
199.86963040436888 13.046773148045471
197.80848645377023 10.422565615027667
195.74734250317158 9.776054521251565
193.68619855257293 8.876761064976526
191.62505460197428 14.245695376183543
189.56391065137566 8.735136588650297
187.50276670077702 8.953019534792846
185.4416227501784 8.999695925592135
183.38047879957972 11.933115399320178
181.3193348489811 13.238970884034954
179.25819089838245 14.153552704753668
177.19704694778383 14.556947770439347
175.13590299718516 10.03270842387717
173.07475904658654 8.856491748892312
171.0136150959879 11.843555754495906
168.95247114538927 10.905649668711764
166.89132719479062 10.462410580387115
164.83018324419197 17.08309587033207
162.76903929359332 12.832559040265252
160.70789534299468 10.293709331899715
158.64675139239606 9.434918807863749
156.5856074417974 11.450569779595012
154.52446349119876 7.511076458107539
152.4633195406001 9.487530310386928
150.4021755900015 10.672104830943073
148.34103163940284 10.350055046092157
146.2798876888042 10.134713682858928
144.21874373820555 9.793609191446373
142.15759978760693 14.283144238157082
140.09645583700828 6.912639641491538
138.03531188640966 10.68984754826586
135.97416793581098 10.69701484579056
133.91302398521236 14.10165600707535
131.8518800346137 9.288171258029507
129.7907360840151 10.384776396110482
127.72959213341643 13.886362676349844
125.6684481828178 11.645510177974447
123.60730423221915 10.717957846661774
121.54616028162052 12.35171459910933
119.48501633102187 6.876183047871105
117.42387238042323 7.514345594396865
115.3627284298246 7.3803207139917095
113.30158447922595 12.047387631156008
111.24044052862732 4.553396928393823
109.17929657802867 12.362921702036804
107.11815262743004 10.603941837860836
105.05700867683137 11.203227469725231
102.99586472623274 12.646463249356207
100.9347207756341 8.865295104597795
98.87357682503546 8.000406760136823
96.81243287443682 11.450416609020479
94.75128892383817 8.64032418613484
92.69014497323954 9.38051457371608
90.62900102264089 12.885295856590565
88.56785707204226 9.337633176413274
86.50671312144362 8.133214749009733
84.44556917084498 11.06666410158304
82.38442522024634 10.256070820113036
80.3232812696477 11.309870432891552
78.26213731904906 7.966163246299198
76.20099336845043 9.329524714862472
74.13984941785178 6.69516519121409
72.07870546725314 10.832819598270497
70.0175615166545 9.19696583723403
67.95641756605586 12.841731227738615
65.8952736154572 9.699887871255491
63.83412966485857 5.5157903629963405
61.77298571425993 6.378841836439092
59.71184176366129 9.032209627350657
57.65069781306265 10.66010778952163
55.58955386246401 11.472001896385152
53.52840991186537 10.667237305399066
51.467265961266726 7.859383227644636
49.406122010668085 14.031338763113405
47.344978060069444 10.347435963571263
45.2838341094708 7.769505509365899
43.22269015887216 12.43988029846132
41.16154620827353 9.294982324097685
39.10040225767489 9.64425766616572
37.03925830707624 13.329651953324015
34.9781143564776 10.654864049980599
32.916970405878956 13.266129555438987
30.85582645528032 12.068490919808854
28.794682504681678 14.461051960363289
26.733538554083037 15.640866224645345
24.6723946034844 11.664587430649895
22.611250652885754 8.08523237510907
20.550106702287113 11.921613157674315
18.488962751688472 17.124624700305045
16.427818801089835 12.585253596470823
14.366674850491192 15.91266252696186
12.305530899892553 18.868022170089766
10.244386949293911 15.936378396872678
8.183242998695272 21.72580023615561
6.12209904809663 28.940198781984844
4.060955097497989 39.361003160680596
1.9998111468993487 54.92081526638435
-0.061332803699292185 70.00845116226077
-2.122476754297933 80.86975857154883
-4.1836207048965735 75.88188609897917
-6.2447646554952145 75.77351553735342
-8.305908606093855 77.56021356482901
-10.367052556692496 81.57468726969459
-12.428196507291137 84.47941027609818
-14.48934045788978 75.01268459311628
-16.550484408488423 64.23233363722153
-18.61162835908706 52.1554112784131
-20.6727723096857 46.306620160875106
-22.733916260284342 40.93274343769744
-24.79506021088298 31.737024756786493
-26.856204161481624 33.20746054027936
-28.917348112080266 37.41475696180447
-30.978492062678903 44.11714422433913
-33.039636013277544 43.68628836276898
-35.100779963876185 45.43229304258971
-37.161923914474826 45.27776865387265
-39.22306786507347 58.307440017557695
-41.28421181567211 61.3326101370145
-43.34535576627075 61.3390063359126
-45.40649971686939 63.871257717278176
-47.46764366746803 65.79051160179786
-49.52878761806667 63.12831231376606
-51.589931568665314 65.29141357473915
-53.651075519263955 72.53355851343125
-55.71221946986259 70.05464822314289
-57.77336342046123 75.0714143085999
-59.83450737105988 71.08688297119453
-61.89565132165852 72.61698572310979
-63.95679527225716 62.215574466480035
-66.0179392228558 57.459777228102816
-68.07908317345444 53.16897586914645
-70.14022712405308 48.58450158204233
-72.20137107465172 44.56646408279968
-74.26251502525037 38.596848207196615
-76.323658975849 39.55879916685868
-78.38480292644763 29.623560607347812
-80.44594687704628 32.429718479680105
-82.50709082764492 29.403972775406856
-84.56823477824356 28.646032327361766
-86.6293787288422 28.49633262458782
-88.69052267944086 24.465437787946012
-90.7516666300395 29.424999644984332
-92.81281058063813 30.237575235254642
-94.87395453123678 26.259984566135827
-96.93509848183541 31.1082595491336
-98.99624243243406 30.728382982314198
-101.05738638303269 24.638847695034126
-103.11853033363134 22.186122586136786
-105.17967428422998 30.44470664768264
-107.24081823482861 22.892697068922413
-109.30196218542726 19.363127470070545
-111.36310613602589 21.03068002006292
-113.42425008662454 17.126095797669137
-115.48539403722317 16.632374880632415
-117.54653798782181 14.259535241805224
-119.60768193842046 14.956747412557418
-121.66882588901909 16.75466669378306
-123.72996983961774 10.388205083358642
-125.79111379021637 13.524065779547955
-127.85225774081503 16.518250969018645
-129.91340169141367 18.727375109204136
-131.9745456420123 17.147135038914527
-134.03568959261094 16.01151455027714
-136.09683354320958 12.362056490592883
-138.15797749380823 15.435357178973314
-140.21912144440685 17.74164108522755
-142.2802653950055 14.557025805246266
-144.34140934560415 12.417739358517213
-146.4025532962028 12.389166653546091
-148.46369724680144 14.538659956972628
-150.52484119740006 10.456434908518743
-152.5859851479987 13.498938988038496
-154.64712909859736 12.599335013231759
-156.708273049196 11.014215221907367
-158.76941699979463 16.628757014312537
-160.83056095039328 14.269753343339609
-162.8917049009919 9.465188403314118
-164.95284885159057 11.671359968709282
-167.0139928021892 15.422384992418426
-169.07513675278784 10.46613064441132
-171.13628070338646 11.481184997260922
-173.1974246539851 15.68177997659643
-175.25856860458376 12.543439537360218
-177.3197125551824 16.247459545192438
-179.38085650578103 16.56192276081865
-181.44200045637967 18.776693225044326
-183.50314440697832 17.1237667703
-185.56428835757697 11.830238357644559
-187.62543230817562 19.679796639293222
-189.68657625877424 15.228883904663393
-191.7477202093729 12.89325265769459
-193.80886415997153 13.94010328642814
-195.87000811057018 14.584723897802059
-197.9311520611688 15.093578653569901
-199.99229601176742 17.12723679572758
-202.05343996236607 16.522096904346803
-204.11458391296472 16.51449442606849
-206.17572786356334 17.034218777121048
-208.236871814162 22.038800169353113
-210.29801576476063 14.800945576770992
-212.35915971535928 17.48509712390585
-214.4203036659579 18.717277588500433
-216.48144761655655 12.536087480019836
-218.54259156715517 16.746683662540395
-220.60373551775385 15.627178008398293
-222.66487946835247 16.51618768255922
-224.72602341895112 21.715970730910378
-226.78716736954976 17.2991735820362
-228.84831132014838 13.436944800223507
-230.90945527074706 16.222910212620246
-232.97059922134568 15.095889475494815
-235.03174317194433 15.616039660379217
-237.09288712254295 12.634639629132183
-239.15403107314162 13.73690911062761
-241.21517502374024 15.923133060900504
-243.2763189743389 12.454908936149835
-245.3374629249375 18.631109255794133
-247.39860687553616 15.689915343630902
-249.4597508261348 16.01070750475716
-251.52089477673346 15.659563448989788
-253.58203872733208 17.155965474113636
-255.64318267793072 18.766688051102584
-257.7043266285294 13.582818362814841
-259.765470579128 17.916249695552402
-261.82661452972667 14.599354514672912
-263.88775848032526 17.17734903062262
-265.94890243092397 16.136404954737298
-268.01004638152256 15.57525287072474
-270.0711903321212 13.815713052311033
