# BEGINHEADER
# This file contains data from the SALSA 2m radio telescope.
# DATE=2025-03-12T09:37:0019
# GLON and GLAT given in degrees
# GLON=119.81928826864615
# GLAT=-0.12339752047674535
# DATA in two columns below. Col. 1 is velocity relative to LSR [km/s]. Col. 2 is uncalibrated antenna temperature [K].
# ENDHEADER
259.27989948521935 8.056462333164204
257.2187555346207 12.26190245183613
255.15761158402208 9.639311728829545
253.09646763342343 12.300808528022765
251.03532368282475 13.684103950401457
248.97417973222613 13.658009013331572
246.91303578162749 15.583677530521461
244.85189183102887 10.835616443493082
242.79074788043022 13.965962638166078
240.72960392983157 12.41431781869118
238.66845997923292 12.257265894881492
236.6073160286343 11.683911446357865
234.54617207803565 11.411879377108118
232.485028127437 12.922196209436057
230.42388417683836 12.601376306771604
228.36274022623974 11.59145082508836
226.3015962756411 8.555698091454534
224.24045232504247 11.060645099942324
222.1793083744438 15.3948397383001
220.11816442384517 15.66596527856448
218.05702047324652 9.094554056602387
215.9958765226479 12.733210525478686
213.93473257204926 13.119133083908945
211.87358862145058 12.728842223110039
209.81244467085196 11.268321500980147
207.7513007202533 14.399767053444785
205.6901567696547 14.31772382134236
203.62901281905602 13.025612871034904
201.5678688684574 13.334691992057017
199.50672491785875 9.976379154672804
197.44558096726016 9.303285210085566
195.38443701666148 12.785478642483996
193.32329306606286 9.791443331024153
191.2621491154642 12.931994570184422
189.2010051648656 12.635325217078876
187.13986121426694 11.898828680263597
185.0787172636683 10.910334270267729
183.01757331306965 9.29504771689711
180.95642936247103 11.40034646725131
178.89528541187238 15.258307395510709
176.83414146127373 15.052886454438664
174.77299751067508 10.323523645693404
172.71185356007643 9.647686735608785
170.65070960947781 11.083718016539782
168.58956565887917 11.563473679042723
166.52842170828052 12.350812633231222
164.46727775768187 10.283992076331502
162.40613380708325 10.520226533003067
160.3449898564846 9.600392696667113
158.28384590588598 8.326274979793764
156.2227019552873 9.540048491053856
154.1615580046887 7.729595765888048
152.10041405409004 12.010744615153165
150.03927010349142 13.855712429534593
147.97812615289274 12.266743686225485
145.91698220229412 12.327093335301061
143.85583825169547 9.965691138231566
141.79469430109685 11.507718127467713
139.7335503504982 12.502075701492565
137.67240639989956 9.583005058014853
135.6112624493009 7.828208087710759
133.55011849870226 11.355618280474488
131.48897454810364 11.439585856450012
129.427830597505 8.207667889294154
127.36668664690636 10.852387678753308
125.30554269630771 11.578673125652555
123.24439874570908 11.548909589039287
121.18325479511043 12.004954455647164
119.1221108445118 9.290742923819247
117.06096689391316 10.433842801215185
114.9998229433145 9.175790546831822
112.93867899271586 9.385427421250636
110.87753504211722 9.24637472748347
108.81639109151858 10.958225872834609
106.75524714091993 12.356903398366624
104.6941031903213 13.667410582284298
102.63295923972267 6.176352154962644
100.57181528912402 7.523884924411852
98.51067133852538 10.341251548769602
96.44952738792674 12.631830004284302
94.3883834373281 12.425468218812306
92.32723948672945 8.243118767621338
90.26609553613082 13.63444364402027
88.20495158553219 9.76939126085572
86.14380763493354 9.385987220456233
84.0826636843349 10.777259437928999
82.02151973373626 12.87846700739357
79.96037578313762 13.371356699250647
77.89923183253899 12.204547344972118
75.83808788194033 11.377896747332189
73.77694393134169 11.219730257231712
71.71579998074304 8.500773247315967
69.65465603014441 6.12823872815088
67.59351207954576 10.617036907447932
65.53236812894713 8.102519683332913
63.471224178348486 9.862981274396208
61.410080227749845 10.12765103230435
59.3489362771512 9.429943795289148
57.28779232655257 9.159786350085612
55.22664837595393 11.035125870991502
53.16550442535529 12.249840635733618
51.104360474756646 11.463952292057982
49.043216524158 10.47187096199871
46.98207257355936 6.9876823435282
44.920928622960716 11.716863460400308
42.85978467236208 10.958787091375992
40.79864072176344 12.231199092411812
38.7374967711648 9.371267133575708
36.67635282056616 11.747892392741434
34.61520886996752 12.402921395845807
32.55406491936888 11.00879635493836
30.492920968770235 13.499367746273546
28.431777018171594 11.667038142245666
26.370633067572953 12.300124724664773
24.309489116974312 14.255680443261841
22.24834516637567 11.0298410041547
20.18720121577703 10.891831296523591
18.126057265178392 13.875609634916744
16.06491331457975 10.609347877419722
14.00376936398111 12.376381523162513
11.942625413382467 17.046126424682377
9.881481462783828 19.51036597971135
7.820337512185187 25.4130262731799
5.759193561586545 34.394574955631086
3.6980496109879044 47.69678067278913
1.6369056603892638 64.25463097764376
-0.4242382902093771 73.99301348591916
-2.485382240808018 68.47152706343996
-4.546526191406659 67.7139648998935
-6.607670142005299 75.30746416325134
-8.66881409260394 73.53995935157144
-10.72995804320258 72.93876707414445
-12.791101993801222 73.28048576683317
-14.852245944399861 73.21067090527869
-16.913389894998502 63.271831679295374
-18.974533845597144 56.9832819583301
-21.035677796195785 47.376583832001295
-23.096821746794422 36.75937492767032
-25.157965697393067 40.70972204831629
-27.219109647991708 36.35780776769733
-29.280253598590345 41.47226821963047
-31.341397549188986 44.67947738309472
-33.40254149978763 43.78670341704646
-35.46368545038627 47.09602141190185
-37.52482940098491 55.14608293747608
-39.58597335158355 57.99582392784947
-41.64711730218219 60.14645395779217
-43.70826125278083 68.95546449624301
-45.76940520337947 66.86827049640996
-47.83054915397812 75.1576504746125
-49.89169310457676 71.81242385499715
-51.9528370551754 77.33417741014689
-54.013981005774035 75.09468580469792
-56.075124956372676 77.26712734179921
-58.13626890697132 77.16684125757062
-60.19741285756996 70.62966919807201
-62.2585568081686 66.20583187722815
-64.31970075876724 64.56700866614544
-66.38084470936587 54.31047611016442
-68.44198865996452 48.86673767272797
-70.50313261056316 47.859693402476424
-72.5642765611618 40.46182962029926
-74.62542051176044 34.28321221601987
-76.68656446235907 29.32488077033678
-78.74770841295773 27.022349509378806
-80.80885236355637 25.75676016604138
-82.86999631415502 23.629912368326952
-84.93114026475365 24.591666572241447
-86.9922842153523 27.791738273053067
-89.05342816595093 28.92393483563376
-91.11457211654957 30.033932780400498
-93.17571606714822 29.100622839960344
-95.23686001774685 32.22009454688676
-97.2980039683455 29.995809941956598
-99.35914791894413 30.387045300010705
-101.42029186954278 27.479326500497407
-103.48143582014141 26.97483935311087
-105.54257977074005 25.49606742173094
-107.6037237213387 20.808836795448887
-109.66486767193733 21.2136310284079
-111.72601162253598 19.3093351981927
-113.78715557313461 17.013316783486175
-115.84829952373325 18.523538931334233
-117.90944347433191 16.713528852090448
-119.97058742493054 18.65167539035942
-122.03173137552919 16.615390396354027
-124.09287532612782 11.852544327845616
-126.15401927672647 18.180434441463397
-128.2151632273251 19.16262939392004
-130.27630717792374 17.73634448118602
-132.33745112852236 15.139611390459962
-134.39859507912104 13.964374977810953
-136.45973902971969 13.314222538024243
-138.5208829803183 12.897856663357626
-140.58202693091695 11.861942209595151
-142.6431708815156 16.580384565385906
-144.70431483211425 16.615019626602216
-146.76545878271287 15.604354936219242
-148.82660273331152 16.155389717568912
-150.88774668391014 14.523574783862363
-152.9488906345088 13.070155410569246
-155.01003458510743 12.09384864681815
-157.07117853570608 11.199247288763523
-159.1323224863047 14.646401117289198
-161.19346643690335 16.947469847813128
-163.254610387502 12.133579838886778
-165.31575433810065 13.710033869932836
-167.37689828869927 16.888794052038506
-169.4380422392979 15.637880591310594
-171.49918618989653 13.30950085748456
-173.5603301404952 16.72270581704898
-175.62147409109386 12.84950227356989
-177.68261804169248 14.947898005274181
-179.74376199229113 17.27862427325781
-181.80490594288977 15.069767824842838
-183.86604989348842 15.463582040392286
-185.92719384408704 15.613876156905476
-187.9883377946857 19.813941486348593
-190.0494817452843 14.941628497180444
-192.110625695883 12.820560250614607
-194.1717696464816 17.843414476061625
-196.23291359708026 11.461146970072626
-198.2940575476789 16.50901944383996
-200.35520149827755 14.593015724758407
-202.41634544887617 15.017661841820336
-204.47748939947485 17.691639602332405
-206.53863335007347 11.98176740727673
-208.59977730067212 13.41186307446099
-210.66092125127074 14.803160747439016
-212.72206520186938 16.112752930805097
-214.78320915246806 11.332875775211418
-216.84435310306668 13.989938638388281
-218.90549705366533 13.41172275051355
-220.96664100426395 15.997799088139944
-223.02778495486262 14.02065999682393
-225.08892890546124 15.842847278747513
-227.1500728560599 16.689671589523154
-229.2112168066585 14.824664355801934
-231.27236075725716 13.365184530212353
-233.3335047078558 15.561622054011375
-235.39464865845446 15.87451779403128
-237.45579260905308 12.817358229891825
-239.51693655965173 14.671283480536674
-241.57808051025035 20.320584916350505
-243.63922446084902 16.63406370082729
-245.70036841144764 15.395794504320763
-247.7615123620463 14.15585343141106
-249.8226563126449 15.686620359661726
-251.8838002632436 18.272178549774168
-253.94494421384223 15.463653077382064
-256.0060881644409 14.366488198156727
-258.0672321150395 16.949621543840816
-260.1283760656381 15.050854859701342
-262.18952001623677 15.782649469454395
-264.2506639668354 17.498995100588232
-266.31180791743407 16.56417033764508
