# BEGINHEADER
# This file contains data from the SALSA 2m radio telescope.
# DATE=2025-03-12T09:47:0016
# GLON and GLAT given in degrees
# GLON=164.8486065867521
# GLAT=-0.3215739881186535
# DATA in two columns below. Col. 1 is velocity relative to LSR [km/s]. Col. 2 is uncalibrated antenna temperature [K].
# ENDHEADER
230.60503038901444 7.4112394665396675
228.5438864384158 12.467816748282646
226.48274248781718 11.517965328981607
224.42159853721853 15.80342655957169
222.36045458661988 14.199792054916003
220.29931063602123 11.492068961875901
218.23816668542258 12.698019583691869
216.17702273482396 11.455472219094705
214.11587878422532 11.522901148631249
212.0547348336267 13.492112238062958
209.99359088302802 13.30835650179188
207.9324469324294 9.962990275026662
205.87130298183075 14.032535934343313
203.81015903123213 10.13059147756802
201.74901508063348 11.172426057101845
199.68787113003484 8.410886163955483
197.6267271794362 12.804799945003687
195.56558322883757 10.607826146668744
193.50443927823892 11.298633091578164
191.44329532764027 7.161897989222292
189.38215137704162 14.367886790906867
187.321007426443 12.18290739565522
185.25986347584436 11.611765431187496
183.1987195252457 15.328526146796564
181.13757557464706 12.753386438332791
179.0764316240484 11.138322115211087
177.0152876734498 10.10136063081034
174.95414372285114 14.529053892362708
172.89299977225252 13.10810126775297
170.83185582165385 9.56536425007609
168.77071187105523 6.019257381812704
166.70956792045658 8.562269101209168
164.64842396985796 12.038665774006196
162.58728001925928 11.885653468961882
160.52613606866066 9.760444042738241
158.464992118062 8.931742567641633
156.4038481674634 12.015243384584927
154.34270421686475 13.104341342052113
152.2815602662661 9.40995468760847
150.22041631566745 9.898373989314445
148.15927236506883 11.18371540193709
146.09812841447018 10.705241943063253
144.03698446387153 11.471337563619525
141.97584051327289 13.062568397320296
139.91469656267424 10.12408793962312
137.85355261207562 8.945303522126475
135.79240866147697 9.401279496963802
133.73126471087832 8.155054096564404
131.67012076027967 11.137021959057297
129.60897680968105 10.295977301438368
127.54783285908242 11.73666797044223
125.48668890848376 13.982543061562376
123.42554495788512 8.592537007564749
121.36440100728647 10.948586878122967
119.30325705668784 13.186472555669571
117.2421131060892 12.25610829576444
115.18096915549056 15.02593401083769
113.11982520489192 11.065920271182518
111.05868125429328 10.294133056094253
108.99753730369464 13.364380963982326
106.936393353096 11.381632260691271
104.87524940249736 9.100696855354359
102.81410545189873 15.532061242656589
100.75296150130008 11.424617318702778
98.69181755070144 6.873480105543737
96.6306736001028 13.679265381477826
94.56952964950416 11.619507901048246
92.50838569890551 17.679285772552532
90.44724174830688 11.515583711209677
88.38609779770823 5.666787571780445
86.32495384710958 14.46715779593455
84.26380989651095 10.66538748900341
82.2026659459123 10.533974907560088
80.14152199531367 15.737977665019265
78.08037804471503 13.52145001781695
76.01923409411638 12.339613023723212
73.95809014351775 11.85189654611639
71.8969461929191 12.187016792492306
69.83580224232047 10.426230039679691
67.77465829172182 10.58851623319508
65.71351434112319 14.079186619857815
63.652370390524545 7.353685118264833
61.591226439925904 3.3231167430258557
59.530082489327256 9.295578241943712
57.46893853872862 12.609286155947983
55.40779458812998 12.88322946773348
53.34665063753134 10.617714055783223
51.2855066869327 8.651703929083286
49.22436273633405 10.745116591897386
47.16321878573541 7.9155658993546485
45.102074835136776 6.053627510445455
43.040930884538135 9.378343389653535
40.979786933939494 13.374534949286765
38.918642983340845 11.912156360113501
36.857499032742204 14.774135022398852
34.79635508214356 11.755307001141436
32.73521113154493 15.319558046908718
30.674067180946285 8.32411816983242
28.612923230347647 9.58203119193785
26.551779279749006 13.61616967174916
24.490635329150365 8.210658077510715
22.429491378551724 8.499942274429127
20.368347427953086 7.956834959404079
18.307203477354445 13.366154102346224
16.2460595267558 15.244379589420591
14.184915576157163 9.655116346558989
12.123771625558522 20.30664080512144
10.06262767495988 26.57240368959723
8.00148372436124 42.78139631926282
5.940339773762599 44.64012471988118
3.879195823163958 60.15400297188023
1.8180518725653172 63.83485493914443
-0.24309207803332356 68.40164082174682
-2.3042360286319643 72.9802620557364
-4.365379979230606 78.0436513428961
-6.426523929829245 83.70810268648714
-8.487667880427885 81.11591381384707
-10.548811831026528 88.9398793599923
-12.609955781625168 79.98486667184915
-14.671099732223809 89.97543645471436
-16.73224368282245 84.79880869833998
-18.79338763342109 83.93671060667486
-20.85453158401973 84.8654795289523
-22.915675534618373 79.627740164038
-24.976819485217018 78.52805825254205
-27.037963435815655 69.16963077268183
-29.099107386414296 71.09404823286951
-31.160251337012937 62.325641790858334
-33.22139528761158 54.206206084751585
-35.28253923821022 54.71974717775854
-37.34368318880886 45.68015010900309
-39.4048271394075 39.62543375360652
-41.46597109000614 33.86024880099059
-43.527115040604784 33.839512686345074
-45.588258991203425 31.898505163360696
-47.649402941802066 20.963265351014066
-49.7105468924007 25.081300408059235
-51.77169084299934 17.27362122086082
-53.832834793597975 22.884361623371873
-55.893978744196616 21.25242718521313
-57.955122694795264 18.244061579315417
-60.016266645393905 22.796090452139975
-62.077410595992546 13.235016783951144
-64.13855454659118 14.749358352151516
-66.19969849718981 16.054002727907697
-68.26084244778848 13.752990841941909
-70.32198639838711 11.935960366082243
-72.38313034898576 14.549685565159303
-74.4442742995844 13.352968919756362
-76.50541825018303 16.15649580379499
-78.56656220078168 14.477025108797996
-80.62770615138031 8.655711517034502
-82.68885010197896 11.422297967195414
-84.74999405257759 12.312624144336318
-86.81113800317624 9.828237678348744
-88.87228195377487 13.565571931950746
-90.93342590437351 11.51555473359504
-92.99456985497216 10.136975664128633
-95.05571380557079 13.175367522827806
-97.11685775616944 10.72466731800844
-99.17800170676807 12.276955684517183
-101.23914565736672 10.621858519972735
-103.30028960796535 9.256229034960665
-105.361433558564 10.745630953419917
-107.42257750916265 13.366246777064967
-109.48372145976128 12.893488811002623
-111.54486541035993 9.60720378783475
-113.60600936095857 9.381260890429214
-115.6671533115572 11.37736429397067
-117.72829726215585 14.202193393646992
-119.78944121275448 11.806459177845298
-121.85058516335313 11.845338291134663
-123.91172911395176 14.138109635585126
-125.97287306455041 12.573318274143858
-128.03401701514906 13.556878219783556
-130.09516096574768 10.751254762141183
-132.15630491634633 13.168487646288835
-134.21744886694498 11.89025016128529
-136.2785928175436 13.688572976311082
-138.33973676814227 18.068050170782858
-140.4008807187409 9.728163138809093
-142.46202466933954 12.902720582409474
-144.52316861993816 11.869633595158716
-146.5843125705368 15.31401187147259
-148.64545652113546 13.808821774341293
-150.7066004717341 12.506421693003583
-152.76774442233273 11.066133731469709
-154.82888837293137 13.663678075716357
-156.89003232353 13.984909151328699
-158.95117627412867 11.299796431338534
-161.0123202247273 12.373844167890944
-163.07346417532594 16.781998486027128
-165.1346081259246 14.051748163907538
-167.19575207652323 13.944547984696417
-169.25689602712188 11.516873089508007
-171.3180399777205 15.397633296866973
-173.37918392831915 16.35546138911535
-175.44032787891777 13.686068078868734
-177.50147182951645 9.061920161483169
-179.56261578011507 12.644720777501943
-181.62375973071372 11.87496143313612
-183.68490368131233 16.437914605178776
-185.74604763191098 10.284970533498456
-187.80719158250963 12.78749949790175
-189.86833553310828 12.271562457056453
-191.9294794837069 12.462964296181333
-193.99062343430555 13.275622475275432
-196.0517673849042 9.297947348233416
-198.11291133550284 15.155316627218035
-200.17405528610146 12.81202672276265
-202.2351992367001 16.622908467476325
-204.29634318729876 10.362881293918159
-206.3574871378974 13.79307742740348
-208.41863108849606 11.757754191348125
-210.47977503909468 17.83452439654122
-212.54091898969332 14.250534992235753
-214.60206294029194 12.669118470241601
-216.66320689089062 14.245407001419725
-218.72435084148924 14.713282594495553
-220.7854947920879 9.130867299348491
-222.8466387426865 14.284987591329692
-224.90778269328518 13.299107918352481
-226.9689266438838 16.694442102649347
-229.03007059448245 13.597480526466883
-231.09121454508107 15.231393594069703
-233.15235849567972 16.140637796312568
-235.21350244627837 17.240722614524827
-237.27464639687702 17.56593013231322
-239.33579034747564 14.153906667849473
-241.39693429807429 12.848180544334314
-243.45807824867293 16.12587680720793
-245.51922219927158 20.082341684760987
-247.58036614987023 16.238514888159347
-249.64151010046885 17.80264742100348
-251.7026540510675 19.669909410929428
-253.76379800166612 15.529288280192915
-255.8249419522648 20.12297508664537
-257.88608590286344 15.03638314742204
-259.94722985346203 12.544192485140899
-262.0083738040607 17.007371004087027
-264.06951775465933 15.002059844094473
-266.130661705258 14.902979569046735
-268.1918056558566 17.94651115324373
-270.2529496064553 16.485399567884958
-272.31409355705387 13.912194923036663
-274.37523750765257 14.525544328279215
-276.43638145825116 18.629659265839376
-278.4975254088498 19.291868074010203
-280.5586693594485 16.159522838878786
-282.6198133100471 16.382496481566754
-284.68095726064576 13.744931169022985
-286.74210121124435 15.231013386303793
-288.80324516184305 16.002560270566796
-290.8643891124417 11.778983768896563
-292.9255330630403 15.33641298770992
-294.98667701363894 14.061017984431444
