# BEGINHEADER
# This file contains data from the SALSA 2m radio telescope.
# DATE=2025-03-12T09:34:0041
# GLON and GLAT given in degrees
# GLON=109.77801650646573
# GLAT=-0.06402974548465322
# DATA in two columns below. Col. 1 is velocity relative to LSR [km/s]. Col. 2 is uncalibrated antenna temperature [K].
# ENDHEADER
266.8511451509945 6.2410858931036985
264.7900012003959 15.230416469078486
262.7288572497973 13.153830957671483
260.6677132991986 12.062122807872278
258.6065693486 13.955504049056072
256.5454253980014 12.595904911873559
254.48428144740274 12.353627457544007
252.42313749680406 10.742741739575681
250.36199354620544 9.849284322496462
248.3008495956068 14.425162775725012
246.23970564500817 15.162966984969234
244.17856169440952 8.78622279069807
242.11741774381088 10.191450014536445
240.05627379321223 14.514046032406062
237.9951298426136 13.15989090253525
235.93398589201496 9.975630779574896
233.87284194141634 11.488051886615745
231.81169799081766 10.13916750724221
229.75055404021901 11.065135480275593
227.6894100896204 10.509199231386287
225.62826613902175 13.58210537091779
223.5671221884231 10.576508630101957
221.50597823782445 12.032835818479608
219.44483428722583 13.90799361224813
217.38369033662718 7.960051184824075
215.32254638602856 9.91193898841655
213.2614024354299 12.97439774530717
211.20025848483127 10.902130282438277
209.13911453423262 6.7029815397710815
207.077970583634 10.913030805748884
205.01682663303535 10.09302763638122
202.9556826824367 6.161810939153643
200.89453873183805 11.807866148614933
198.83339478123943 10.34202061319612
196.7722508306408 12.00540974674088
194.71110688004217 8.508790812042397
192.64996292944352 7.995855658812391
190.58881897884487 12.498998708222112
188.52767502824625 12.170616595063002
186.46653107764757 8.742729927305842
184.40538712704895 11.070671231723448
182.3442431764503 10.877333677240507
180.28309922585169 12.749173859483763
178.22195527525304 11.016061452230336
176.1608113246544 10.322666400947824
174.09966737405574 12.377957583461075
172.03852342345712 14.080657673316818
169.97737947285847 10.673677429424918
167.91623552225983 12.782173579399831
165.85509157166118 9.085505198139895
163.79394762106256 12.35381266279681
161.7328036704639 15.449129012486662
159.6716597198653 5.3332072086434765
157.6105157692666 11.060502753264284
155.549371818668 8.899321864766167
153.48822786806934 6.567477343297035
151.4270839174707 10.830458226566018
149.36593996687208 15.008284308889479
147.3047960162734 10.10149261411145
145.24365206567478 7.0019929479656255
143.18250811507613 6.969972460458054
141.1213641644775 10.15599561456692
139.06022021387884 5.9936898667875385
136.99907626328022 9.66462703437757
134.93793231268157 11.779455342989158
132.87678836208295 10.479923970163743
130.8156444114843 10.486455757427072
128.75450046088565 2.6008546114970246
126.693356510287 6.108122181116437
124.63221255968837 10.262882964693587
122.57106860908974 8.552137654909668
120.50992465849109 9.87435804421855
118.44878070789245 9.873725496680244
116.3876367572938 10.565415880035085
114.32649280669517 9.443881136532905
112.26534885609652 10.445115165514968
110.20420490549789 10.04143124613901
108.14306095489925 5.963836043250246
106.0819170043006 11.408516503538007
104.02077305370197 10.279795276205453
101.95962910310332 11.168907183508436
99.89848515250469 12.18181496396495
97.83734120190604 9.129280876105891
95.77619725130741 6.761812088249424
93.71505330070876 7.617376101696638
91.65390935011011 6.404734531001752
89.59276539951148 10.346352876112991
87.53162144891283 8.449836173343034
85.4704774983142 9.541382102859822
83.40933354771555 9.762536537536413
81.34818959711691 8.428611562478887
79.28704564651828 8.755352243861944
77.22590169591963 7.500332195109402
75.164757745321 11.28022986229675
73.10361379472235 6.1149270330187795
71.04246984412372 7.432300593755314
68.98132589352508 8.944241063225713
66.92018194292643 6.87120375868531
64.85903799232779 8.3803082110335
62.797894041729144 10.263246634102366
60.73675009113051 8.777850923219528
58.67560614053187 10.479888544589953
56.61446218993323 10.2165057009156
54.55331823933459 7.080207681615921
52.492174288735946 5.030565718278637
50.431030338137305 7.392972178635264
48.36988638753866 10.111967071247147
46.308742436940015 7.942644435997482
44.247598486341374 6.277023921933421
42.18645453574273 9.369819047801014
40.12531058514409 12.94506863965245
38.06416663454546 5.562539912187439
36.00302268394682 7.933175632841148
33.941878733348176 13.93149382212821
31.88073478274953 8.489496601808598
29.81959083215089 9.124205164120704
27.75844688155225 13.176437729045034
25.69730293095361 8.967918087792228
23.636158980354974 11.22828447691774
21.57501502975633 9.05207902370342
19.51387107915769 16.818952926893505
17.45272712855905 13.086386018572718
15.39158317796041 13.521341721319514
13.330439227361769 17.702333033022235
11.269295276763128 23.5287911586263
9.208151326164485 21.648428869985395
7.1470073755658445 31.08139022988653
5.085863424967204 47.33553956101783
3.0247194743685633 50.01723434853145
0.9635755237699227 74.24941228373699
-1.097568426828718 85.2636380259072
-3.1587123774273587 91.3488387476061
-5.219856328025999 98.46602732623094
-7.28100027862464 88.23111150257621
-9.342144229223283 86.66772812734943
-11.403288179821923 79.86009846049444
-13.464432130420562 69.71416549172847
-15.525576081019203 53.21788744579329
-17.586720031617844 44.27766233788384
-19.647863982216485 37.96401211303395
-21.709007932815126 33.54405568083978
-23.770151883413764 32.70374012160303
-25.831295834012412 34.15599660761559
-27.89243978461105 38.689009081405715
-29.95358373520969 41.97344442576831
-32.01472768580833 42.51447501035699
-34.07587163640697 51.466122083506335
-36.137015587005614 51.30475891989696
-38.198159537604255 56.70029023072084
-40.259303488202896 55.11409712645874
-42.32044743880154 65.85244214622082
-44.38159138940018 74.35676303661081
-46.44273533999881 78.58777459375115
-48.50387929059745 78.24007450304438
-50.565023241196094 79.84247367942275
-52.626167191794735 85.18197573760098
-54.687311142393376 82.42446229281045
-56.74845509299202 75.98436372182546
-58.80959904359066 64.34710757082165
-60.8707429941893 63.70871619347365
-62.931886944787934 59.166579827406565
-64.99303089538658 61.53920904510977
-67.05417484598523 54.88059221078966
-69.11531879658386 53.6237511761354
-71.1764627471825 47.64533661474386
-73.23760669778115 39.819308473096996
-75.29875064837978 37.82144064582119
-77.35989459897843 32.57110674307858
-79.42103854957706 28.98632274483927
-81.48218250017571 28.489315053951362
-83.54332645077434 28.2649653587913
-85.60447040137298 25.56361016955297
-87.66561435197163 23.415518641490273
-89.72675830257026 25.790116636613465
-91.78790225316891 27.342256763077625
-93.84904620376754 29.868481722464544
-95.91019015436619 31.148432212105117
-97.97133410496482 30.043077529695942
-100.03247805556347 32.19828745343035
-102.09362200616212 28.241879673460943
-104.15476595676076 27.92172551260831
-106.2159099073594 25.4595601699044
-108.27705385795804 21.497700850418116
-110.33819780855669 17.62217993597703
-112.39934175915532 14.011645695275392
-114.46048570975395 19.706478760575067
-116.5216296603526 15.243808245606868
-118.58277361095124 17.351933511100086
-120.64391756154988 13.639841166190056
-122.70506151214852 12.539442491207938
-124.76620546274715 12.966096396841046
-126.8273494133458 12.967051447172805
-128.88849336394443 18.052780206645565
-130.94963731454308 13.28864822521459
-133.01078126514173 11.486699746957413
-135.07192521574038 14.157645060884997
-137.133069166339 13.92544901936697
-139.19421311693765 11.02602072584733
-141.25535706753627 11.39868616795171
-143.31650101813494 15.708529163087041
-145.37764496873356 15.201835015428815
-147.4387889193322 13.931917046791503
-149.49993286993083 16.546918930659427
-151.5610768205295 9.680827362349573
-153.62222077112813 11.030691239819761
-155.68336472172678 10.43970827862731
-157.74450867232542 14.30007701024388
-159.80565262292404 11.169646916075948
-161.86679657352272 11.714219721460728
-163.92794052412134 16.14852092050254
-165.98908447472 12.578300127967651
-168.0502284253186 13.83095619169456
-170.11137237591726 15.6099602530961
-172.1725163265159 19.33361002538716
-174.23366027711455 20.1120148038507
-176.29480422771317 13.99491620793605
-178.35594817831182 13.906448437250498
-180.41709212891044 14.126952596998482
-182.47823607950912 13.557310153253196
-184.53938003010774 18.873264751702884
-186.60052398070638 18.801180266751565
-188.661667931305 17.697662718573852
-190.72281188190368 17.870277476429255
-192.7839558325023 13.647081071828747
-194.84509978310095 16.861496209569914
-196.9062437336996 13.846195933591122
-198.96738768429825 11.988060354959654
-201.0285316348969 15.37147017547737
-203.08967558549554 13.885817903891013
-205.1508195360942 14.937964466897807
-207.2119634866928 14.159598934690527
-209.27310743729146 13.668523024210343
-211.33425138789008 15.259953526680908
-213.39539533848875 14.593365618408361
-215.45653928908737 14.111083078162189
-217.51768323968602 13.012397476026761
-219.57882719028464 12.408490400101538
-221.6399711408833 12.913484363933732
-223.70111509148194 17.023739067515613
-225.7622590420806 18.451267632718864
-227.8234029926792 14.962197313950266
-229.88454694327785 13.49180143978681
-231.9456908938765 13.395366453594965
-234.00683484447515 15.872968349141221
-236.0679787950738 18.484967526492873
-238.12912274567242 16.44024539739085
-240.19026669627107 17.34547873935344
-242.25141064686972 16.41304281634053
-244.31255459746836 13.89974716780958
-246.37369854806698 12.48359653139149
-248.43484249866563 16.333986960900184
-250.49598644926425 18.061977144751413
-252.55713039986293 12.15742150395485
-254.61827435046155 14.1995429262819
-256.6794183010602 12.305495117545455
-258.74056225165884 16.30160897400681
