# BEGINHEADER
# This file contains data from the SALSA 2m radio telescope.
# DATE=2025-03-12T09:44:0012
# GLON and GLAT given in degrees
# GLON=149.70623132530696
# GLAT=-0.20427035660252318
# DATA in two columns below. Col. 1 is velocity relative to LSR [km/s]. Col. 2 is uncalibrated antenna temperature [K].
# ENDHEADER
238.67364935426724 10.94382889743119
236.6125054036686 13.877076563929304
234.55136145306997 13.174521894766007
232.4902175024713 15.534085669120616
230.42907355187268 13.61052475151041
228.36792960127403 16.88749739549205
226.30678565067538 9.331289327312499
224.24564170007676 11.303751538018524
222.18449774947808 9.095962106229043
220.12335379887946 14.600194465256417
218.06220984828082 15.270931219973997
216.0010658976822 10.440521056312454
213.93992194708355 13.57628550442616
211.8787779964849 13.332873393691939
209.81763404588625 10.25171352143691
207.75649009528763 15.81267005230475
205.69534614468898 9.984850555640508
203.63420219409034 12.920129033145885
201.5730582434917 10.167593329823296
199.51191429289307 11.74681025377748
197.45077034229442 11.09852974182363
195.3896263916958 13.552774026804155
193.32848244109712 8.73412677591832
191.2673384904985 16.278855718974427
189.20619453989985 14.359040577502986
187.1450505893012 10.657002795464669
185.0839066387026 15.885724658360388
183.0227626881039 9.757790692049147
180.9616187375053 10.264521164311622
178.90047478690664 12.46554748418572
176.83933083630802 16.78033491301832
174.77818688570937 13.683029246298926
172.71704293511073 13.150877933596153
170.65589898451208 11.235616999347437
168.59475503391346 15.002043456046017
166.5336110833148 13.139657758318846
164.47246713271616 9.991154812243192
162.4113231821175 11.174456784990994
160.3501792315189 11.846883460244625
158.28903528092025 7.976013732326892
156.22789133032163 9.584735123786968
154.16674737972295 7.489482204825326
152.10560342912433 11.410327497784968
150.04445947852568 5.8528896840879865
147.98331552792703 13.894203196809263
145.9221715773284 15.282874921314377
143.86102762672974 13.58734120559845
141.79988367613112 11.591007708429485
139.73873972553247 6.965162874477562
137.67759577493385 11.96372570231261
135.61645182433517 13.528531536562479
133.55530787373655 15.16879789053814
131.4941639231379 9.621379119903468
129.43301997253928 10.513894787901561
127.37187602194062 10.81099207394242
125.31073207134199 12.141060296499836
123.24958812074334 12.37728136698384
121.1884441701447 12.446418314287065
119.12730021954607 10.729298616590617
117.06615626894742 10.452658732162035
115.00501231834879 7.6951901485881296
112.94386836775014 11.269803139287914
110.88272441715151 10.393548789752158
108.82158046655286 14.479836525134298
106.76043651595423 9.005851484262763
104.69929256535559 11.594597913719797
102.63814861475694 11.174265038836815
100.57700466415831 12.294608981820527
98.51586071355968 9.420320501990563
96.45471676296104 8.28417103766657
94.3935728123624 9.703071827437604
92.33242886176376 13.432080483679469
90.2712849111651 6.911441088208416
88.21014096056646 9.495631421371955
86.14899700996781 13.330155840661996
84.08785305936918 9.061454265694566
82.02670910877055 12.712816315132084
79.9655651581719 12.250800191100314
77.90442120757326 11.105843278716296
75.84327725697462 10.767563174651569
73.78213330637598 12.44737884360747
71.72098935577733 10.666536898291369
69.6598454051787 10.004098461307779
67.59870145458007 11.390998360374066
65.53755750398142 9.630383647953128
63.476413553382784 12.609960780129903
61.415269602784136 9.557368904037462
59.354125652185495 13.124019395988933
57.292981701586854 13.249817421855346
55.23183775098821 11.704988017894218
53.17069380038957 6.358658978855894
51.10954984979093 7.430025423701963
49.048405899192296 9.3483440771467
46.987261948593655 9.899592628593474
44.926117997995014 12.625862250748032
42.864974047396366 11.679810723963056
40.803830096797725 6.269527257286707
38.742686146199084 9.210664059763356
36.68154219560045 10.437033139140933
34.62039824500181 12.83355590678603
32.55925429440317 10.041664838635958
30.498110343804527 8.503170668476498
28.436966393205882 11.782842894373877
26.375822442607245 11.379717913324825
24.3146784920086 8.229894023668013
22.25353454140996 11.004403867070359
20.19239059081132 15.575065347276446
18.131246640212677 15.880837982284547
16.070102689614036 11.928858270117114
14.008958739015396 12.559206472866205
11.947814788416755 18.89656736348731
9.886670837818116 16.82962861257325
7.825526887219475 27.62481804987653
5.764382936620834 41.061570970830026
3.7032389860221935 50.82493016728275
1.6420950354235526 66.17502861200961
-0.41904891517508813 70.23888915993624
-2.480192865773729 79.61417623137304
-4.54133681637237 84.21631788509721
-6.60248076697101 92.87947054990308
-8.663624717569652 86.19064663642443
-10.724768668168291 76.8367054965748
-12.785912618766934 77.14202731143408
-14.847056569365575 74.56656729074172
-16.908200519964215 66.88903007302825
-18.96934447056286 62.86832706981827
-21.030488421161497 63.39837185048685
-23.091632371760138 66.87668923103033
-25.152776322358775 73.01741361689561
-27.213920272957417 81.48853976346317
-29.275064223556058 90.49930836873033
-31.3362081741547 92.16876570464066
-33.39735212475333 103.38404428460117
-35.45849607535198 106.48273809782954
-37.51964002595062 101.16473328588145
-39.58078397654926 87.61115621342667
-41.641927927147904 80.08551542177959
-43.703071877746545 76.30846309424852
-45.764215828345186 63.890360292224145
-47.82535977894382 65.08859015282988
-49.88650372954246 60.81616957292769
-51.9476476801411 56.814947198255304
-54.00879163073975 53.79187459136518
-56.06993558133839 51.09388428311022
-58.13107953193703 45.23005366943207
-60.19222348253567 38.13116391025516
-62.25336743313431 36.60083140863055
-64.31451138373295 33.53254510512914
-66.3756553343316 27.976476728017737
-68.43679928493023 27.556709402575496
-70.49794323552888 26.273293355858964
-72.55908718612751 27.93583773530447
-74.62023113672616 21.44245020899281
-76.6813750873248 20.129505079435685
-78.74251903792344 20.265346842581607
-80.80366298852208 20.26977915934673
-82.86480693912071 18.87020776658423
-84.92595088971936 18.294858914895038
-86.987094840318 14.419181052732373
-89.04823879091664 16.97035145251681
-91.10938274151528 13.900002722494067
-93.17052669211392 11.32128878412712
-95.23167064271256 15.931267893502708
-97.29281459331119 15.446350078612307
-99.35395854390985 14.619944979010205
-101.4151024945085 14.35848616139122
-103.47624644510714 11.955067677140006
-105.53739039570578 15.877190779427139
-107.59853434630442 13.799142269385145
-109.65967829690307 15.367338229312233
-111.7208222475017 16.26376803827832
-113.78196619810035 12.179476075585097
-115.84311014869898 11.144966651503259
-117.90425409929762 12.956813334614395
-119.96539804989627 11.45383575497641
-122.0265420004949 14.121333644846095
-124.08768595109355 10.152030775992543
-126.14882990169218 12.698091006247752
-128.20997385229083 16.200028032421667
-130.27111780288948 11.379592437829398
-132.3322617534881 14.835675535377181
-134.39340570408675 11.590670533301076
-136.4545496546854 13.655178173020795
-138.51569360528404 12.940087875442483
-140.57683755588266 12.057062356571528
-142.6379815064813 12.465899478642225
-144.69912545707993 7.5759570650354995
-146.7602694076786 12.780775194781782
-148.82141335827723 13.049073990805649
-150.88255730887587 13.906753652600614
-152.9437012594745 13.12836522438282
-155.00484521007317 13.347623137917713
-157.0659891606718 18.23518331308454
-159.12713311127044 12.715296498022939
-161.1882770618691 14.094447893096515
-163.2494210124677 13.569661086657362
-165.31056496306638 10.142476434423939
-167.371708913665 12.614929948908456
-169.43285286426365 17.054573406587053
-171.49399681486227 12.559313238030775
-173.55514076546092 13.616677761858975
-175.61628471605957 14.081779862724227
-177.67742866665822 13.886795561556635
-179.73857261725684 16.14345600379246
-181.79971656785548 10.876482801074404
-183.86086051845413 16.455599365179456
-185.92200446905278 13.476729050485185
-187.9831484196514 18.18102751755212
-190.04429237025005 16.62705336674792
-192.10543632084867 13.3340121966023
-194.16658027144734 13.981557850645869
-196.22772422204596 14.000433865108404
-198.2888681726446 15.35831273145845
-200.35001212324326 13.879012565154115
-202.41115607384188 18.90399570868302
-204.47230002444056 19.378298663526717
-206.53344397503918 15.825094787936631
-208.59458792563782 16.82608340844924
-210.65573187623644 14.15962730010852
-212.7168758268351 16.15715688980623
-214.77801977743374 16.088625493754552
-216.8391637280324 11.989374761570055
-218.900307678631 15.85347158858678
-220.96145162922966 17.52942560413859
-223.0225955798283 17.295283668940193
-225.08373953042695 15.28555542099569
-227.14488348102557 13.990940531452688
-229.20602743162422 16.87255062478079
-231.26717138222284 12.482566678582087
-233.32831533282152 18.386933596502704
-235.38945928342014 13.753715141219368
-237.45060323401879 17.935604910336675
-239.51174718461743 15.043143454066325
-241.57289113521605 12.902604948888039
-243.63403508581473 16.040439422919142
-245.69517903641335 14.250055001923414
-247.756322987012 15.741250323347248
-249.81746693761062 14.135183375359683
-251.8786108882093 17.17027194330771
-253.93975483880791 15.911678791524837
-256.00089878940656 15.407271237309827
-258.0620427400052 17.625468601140607
-260.1231866906038 19.610812238047377
-262.18433064120245 15.96881483510496
-264.2454745918011 16.94787175112241
-266.3066185423998 16.286060784160238
-268.3677624929984 13.687152234421141
-270.42890644359704 14.376923985800143
-272.49005039419563 13.622293277270595
-274.55119434479434 13.028433656243287
-276.612338295393 13.360018271601488
-278.6734822459916 15.557357551450272
-280.7346261965903 23.536257272995705
-282.7957701471889 12.256869765086682
-284.8569140977875 14.268104656156236
-286.9180580483862 15.56950928214036
