# BEGINHEADER
# This file contains data from the SALSA 2m radio telescope.
# DATE=2025-03-12T09:57:0059
# GLON and GLAT given in degrees
# GLON=44.83486773854408
# GLAT=0.23000203786911572
# DATA in two columns below. Col. 1 is velocity relative to LSR [km/s]. Col. 2 is uncalibrated antenna temperature [K].
# ENDHEADER
304.99382597845533 5.99539387010346
302.9326820278567 18.303171934759195
300.87153807725804 12.771434652269837
298.8103941266594 13.711423975083173
296.7492501760608 17.25670217320052
294.6881062254621 12.095034086397444
292.6269622748635 10.754532566221638
290.56581832426485 15.391954863155782
288.5046743736662 11.476397349032533
286.44353042306756 19.847331226201067
284.3823864724689 24.950997039700837
282.32124252187026 8.989997485931967
280.26009857127167 13.832145709179228
278.19895462067296 12.28998588798733
276.1378106700744 12.148564089752588
274.0766667194757 11.396960874019069
272.015522768877 13.554129851887918
269.9543788182784 14.832772541703948
267.8932348676798 15.483880025028148
265.8320909170812 13.474404413547562
263.7709469664825 13.686937110597883
261.7098030158839 12.390027231671297
259.64865906528524 15.762598290993239
257.5875151146866 14.38666036583754
255.52637116408795 10.967128600087976
253.4652272134893 15.662402497221047
251.40408326289068 9.80819189183717
249.34293931229203 12.506414804268926
247.28179536169338 15.602005538389182
245.22065141109474 11.558827118280133
243.15950746049612 12.328529431119575
241.09836350989747 10.204252548237926
239.03721955929882 13.454783335407466
236.97607560870017 12.964166644620066
234.91493165810152 13.81095046755896
232.8537877075029 14.108153508486495
230.79264375690425 11.513192325061336
228.7314998063056 13.29744558382002
226.67035585570696 12.560950281865418
224.60921190510834 11.288185205054084
222.5480679545097 16.488937950380063
220.48692400391107 10.986870950531953
218.4257800533124 13.265344920561875
216.36463610271377 14.444742482594448
214.30349215211513 14.261372279735117
212.2423482015165 12.971555747319396
210.18120425091786 9.77973543423937
208.1200603003192 15.181778459185784
206.05891634972056 14.385279406283178
203.99777239912194 11.11011517688831
201.9366284485233 15.421967360309312
199.87548449792462 15.892353848539107
197.814340547326 13.462561819947569
195.75319659672735 9.093066901402464
193.69205264612873 10.915570584468808
191.63090869553008 9.923144342823196
189.56976474493143 12.770988795645136
187.50862079433278 11.818210281163887
185.44747684373417 12.33943831706809
183.38633289313552 11.112969360217038
181.3251889425369 8.99725644959761
179.26404499193822 18.59440384566258
177.2029010413396 10.530523428542702
175.14175709074095 12.766740631997186
173.08061314014233 10.126880404041463
171.01946918954366 10.81001667495698
168.95832523894504 15.54380776401565
166.8971812883464 12.397127011107527
164.83603733774777 13.70394985134077
162.77489338714912 8.907903715795898
160.71374943655044 11.015731223146018
158.65260548595182 14.363850409690688
156.59146153535318 13.230688619717894
154.53031758475456 5.479928201768248
152.4691736341559 14.10780986254428
150.40802968355726 16.384203735748812
148.3468857329586 10.198332172907417
146.28574178236 11.79225084725777
144.22459783176134 13.246776467089761
142.16345388116272 7.232939898372864
140.10230993056405 8.40200834339756
138.04116597996543 9.77279298405865
135.98002202936678 9.87064294982746
133.91887807876816 9.306485864956098
131.85773412816948 12.982588216893303
129.79659017757086 13.368372394689104
127.73544622697221 11.36628475102576
125.67430227637358 11.29650746442008
123.61315832577493 12.152503104600473
121.5520143751763 9.171753899376723
119.49087042457765 9.56036563467617
117.42972647397902 10.489727861615702
115.36858252338037 7.348572747024443
113.30743857278173 13.141371121747115
111.2462946221831 8.969416780972036
109.18515067158445 9.89218436012227
107.12400672098582 12.994984625535878
105.06286277038716 14.120079669116727
103.00171881978852 11.682467782905258
100.94057486918987 12.303464038018896
98.87943091859125 8.827950844777506
96.8182869679926 13.068768095322408
94.75714301739397 13.790670800209325
92.69599906679534 13.958965658733145
90.63485511619669 11.260842975020198
88.57371116559806 11.919328457901136
86.51256721499941 13.750206819080596
84.45142326440077 14.805154775330296
82.39027931380213 19.618972359422074
80.32913536320349 21.465735821738125
78.26799141260486 29.15418943190196
76.20684746200621 31.033804599231807
74.14570351140758 35.260785047489904
72.08455956080893 39.50857322816698
70.0234156102103 50.6313433919451
67.96227165961164 58.867746380166835
65.90112770901301 68.25729621441276
63.83998375841436 66.16696042940359
61.77883980781572 70.50444125063325
59.71769585721708 78.31943355605446
57.656551906618446 85.99770021323354
55.5954079560198 77.1154724558656
53.53426400542116 73.35552345972795
51.473120054822516 70.79040083184218
49.411976104223875 68.43779156445763
47.350832153625234 68.30568454067871
45.2896882030266 68.01218287707505
43.22854425242796 65.25425063919015
41.16740030182932 65.86824064283734
39.10625635123068 70.34160888060751
37.045112400632036 71.77684906483235
34.98396845003339 73.96060469647591
32.922824499434746 78.40949851334753
30.86168054883611 80.00148532627536
28.800536598237468 74.85403803164796
26.73939264763883 82.52729063268535
24.678248697040186 78.67158855721108
22.617104746441548 79.37507620689641
20.555960795842903 74.575555046016
18.494816845244262 77.27987161959946
16.43367289464562 75.3570810883253
14.372528944046982 69.73542803925248
12.311384993448343 73.41287381101382
10.250241042849702 74.93538996967267
8.18909709225106 82.31701221678965
6.127953141652419 84.21317804559423
4.066809191053779 71.92429078384856
2.0056652404551385 63.31983509333343
-0.05547871014350233 53.677784209694096
-2.1166226607421432 36.265421637313544
-4.177766611340784 31.803416999260353
-6.238910561939425 29.58796295759283
-8.300054512538065 23.235881280444364
-10.361198463136708 23.458239153086133
-12.422342413735349 24.51511221089345
-14.48348636433399 25.13985368375247
-16.54463031493263 23.300571922125393
-18.60577426553127 26.256621913297888
-20.66691821612991 22.419386293220594
-22.728062166728552 26.024607781155545
-24.78920611732719 23.75513402045836
-26.850350067925834 24.404717646289633
-28.911494018524472 32.14646944642141
-30.972637969123113 34.07964220666239
-33.033781919721754 36.756897708675126
-35.094925870320395 42.69310539450446
-37.156069820919036 37.54956704800181
-39.21721377151767 40.24072401095631
-41.27835772211632 42.0968939368404
-43.33950167271496 41.05386722623338
-45.4006456233136 42.82068941554145
-47.46178957391224 42.59311444031675
-49.52293352451088 43.64851834174159
-51.58407747510952 43.99833852803509
-53.64522142570816 42.62224650118683
-55.7063653763068 43.527988922440706
-57.76750932690544 41.1076553866659
-59.82865327750408 40.471087423383324
-61.88979722810273 38.495539932904705
-63.95094117870137 31.90904836262319
-66.0120851293 31.48369602947711
-68.07322907989865 29.770745167822557
-70.13437303049729 21.53227459359613
-72.19551698109592 22.19736482370334
-74.25666093169457 23.306039503799393
-76.3178048822932 20.914865749024138
-78.37894883289185 14.52544899253682
-80.44009278349048 17.299470084887854
-82.50123673408913 15.524566318638746
-84.56238068468777 19.44576736183541
-86.6235246352864 19.511291321782185
-88.68466858588505 12.088222168771154
-90.7458125364837 12.763125019719972
-92.80695648708235 11.264343896325082
-94.86810043768098 15.450630011337294
-96.92924438827963 15.14224818211602
-98.99038833887826 20.06906801918665
-101.05153228947691 13.699659335315154
-103.11267624007556 9.988681740502976
-105.17382019067419 8.666862354800404
-107.23496414127283 16.456213094717135
-109.29610809187147 12.121440471119216
-111.35725204247011 12.45478294126305
-113.41839599306876 16.74797153421859
-115.47953994366739 12.747300061755086
-117.54068389426604 17.007210180020575
-119.60182784486467 12.56931933833062
-121.6629717954633 12.50556931639137
-123.72411574606195 13.70375955515881
-125.78525969666059 21.460321897864254
-127.84640364725925 16.042401665441716
-129.90754759785787 18.29653074728644
-131.96869154845652 15.19750492112982
-134.02983549905517 16.516310974483137
-136.0909794496538 12.907832300116592
-138.15212340025244 12.187894141305783
-140.21326735085108 19.529753118992286
-142.27441130144973 18.692208050270136
-144.33555525204835 16.399357285229716
-146.396699202647 18.688881687060114
-148.45784315324565 16.942962040503023
-150.5189871038443 12.008009740967031
-152.58013105444294 20.20811351256896
-154.64127500504156 18.242545526064838
-156.7024189556402 16.049190957103356
-158.76356290623886 15.055836809206134
-160.8247068568375 17.945830249879215
-162.88585080743613 17.383614548607376
-164.94699475803478 18.532336122134566
-167.0081387086334 17.04301590869762
-169.06928265923207 16.844193932791146
-171.1304266098307 16.48354048642705
-173.19157056042934 21.266976907242004
-175.25271451102796 21.12962718334666
-177.3138584616266 17.727157955522415
-179.37500241222526 17.355856980370085
-181.4361463628239 17.193230386120558
-183.49729031342252 20.14000614869417
-185.55843426402117 24.071113133694798
-187.61957821461985 17.334681938164294
-189.68072216521847 19.336221496252985
-191.74186611581712 19.247538064568186
-193.80301006641574 16.937539019655446
-195.86415401701439 13.875348800285412
-197.92529796761303 19.647251971391064
-199.98644191821168 20.355660368428204
-202.0475858688103 21.07876891091926
-204.10872981940895 16.162052601300612
-206.16987377000757 16.634873739720454
-208.23101772060625 19.464218698740897
-210.29216167120487 16.985125236568827
-212.35330562180351 16.83796185573418
-214.41444957240213 25.035573455658675
-216.4755935230008 14.571586435781244
-218.53673747359943 15.150341749721438
-220.59788142419808 12.215955958701862
