# BEGINHEADER
# This file contains data from the SALSA 2m radio telescope.
# DATE=2025-03-12T10:04:0025
# GLON and GLAT given in degrees
# GLON=29.83399501335065
# GLAT=0.23480793522627808
# DATA in two columns below. Col. 1 is velocity relative to LSR [km/s]. Col. 2 is uncalibrated antenna temperature [K].
# ENDHEADER
307.9424442784697 8.204274462847495
305.88130032787103 14.847687465618867
303.8201563772724 11.730364062758225
301.7590124266738 10.647537682112018
299.69786847607514 14.339080073875834
297.63672452547644 14.209125116656558
295.57558057487785 13.035146887437032
293.5144366242792 11.691115334009247
291.4532926736806 10.39739444581078
289.3921487230819 11.669762436314548
287.33100477248325 14.580591497206116
285.26986082188466 10.920091087663353
283.208716871286 15.4833082676138
281.14757292068737 8.65928351701612
279.0864289700887 16.368315804225148
277.02528501949007 15.728258196614817
274.9641410688915 9.557148372024129
272.9029971182928 12.021900470195503
270.8418531676942 10.333230907437647
268.78070921709553 11.364041995003744
266.71956526649683 14.222734497377928
264.65842131589824 14.79704312237709
262.5972773652996 10.527695607052577
260.53613341470094 6.703440166350174
258.4749894641023 10.07108002211201
256.4138455135037 13.798834476720039
254.35270156290503 14.495810707072401
252.29155761230638 10.203438754191396
250.23041366170776 13.190183719244022
248.1692697111091 11.792129357781493
246.1081257605105 12.422006684945591
244.0469818099118 13.902497243970982
241.9858378593132 11.6903531590999
239.92469390871454 13.092252345800496
237.86354995811593 12.658820982154742
235.80240600751725 13.413263263218921
233.74126205691863 12.723299869934069
231.68011810631998 14.47713974188463
229.61897415572136 11.288139234385591
227.5578302051227 9.180666797917127
225.49668625452404 12.133972979048359
223.43554230392542 10.46449713316835
221.37439835332677 9.024955945839086
219.31325440272815 13.525920117378442
217.2521104521295 9.281444487507773
215.19096650153085 12.73650664793984
213.1298225509322 12.306760949058956
211.06867860033358 12.741718389887685
209.00753464973494 13.519906323177803
206.9463906991363 11.066364482906177
204.88524674853764 9.634856272058881
202.82410279793902 12.80054446036585
200.76295884734037 15.857329641027071
198.70181489674175 14.795776444547899
196.64067094614308 13.803244212583165
194.57952699554443 11.40876816127054
192.51838304494578 10.56274105333786
190.45723909434713 15.986002050927098
188.3960951437485 14.951124877885746
186.33495119314986 12.24410281044259
184.27380724255121 13.750324561607597
182.21266329195257 11.682878401754223
180.15151934135395 9.309816291570497
178.0903753907553 10.511046605669335
176.02923144015668 12.834823743624684
173.968087489558 10.702444872214743
171.90694353895938 9.087986726122349
169.84579958836073 11.571083481838368
167.7846556377621 11.417032874031287
165.72351168716344 9.544542795053264
163.66236773656482 8.627554789228011
161.60122378596617 13.061225532960066
159.54007983536755 10.20017210658806
157.4789358847689 11.896362852323714
155.41779193417025 9.096061969581251
153.3566479835716 8.143804064415086
151.29550403297296 12.620350768378227
149.23436008237434 13.305250473641868
147.1732161317757 12.296044177404665
145.11207218117704 10.470935333651557
143.0509282305784 8.478431988583349
140.98978427997977 10.674501706721061
138.92864032938112 12.543909075488441
136.8674963787825 7.789561914641124
134.80635242818383 10.829107919154652
132.7452084775852 13.148591386591251
130.68406452698656 10.489987036947287
128.6229205763879 10.364295753864056
126.56177662578928 12.872513617029249
124.50063267519063 14.849337033974832
122.439488724592 14.104553295101766
120.37834477399336 13.787448674099943
118.31720082339471 18.241643909659587
116.25605687279608 16.28243246221514
114.19491292219743 18.84792588125621
112.1337689715988 19.051675860411354
110.07262502100015 22.83314884900916
108.01148107040152 28.382287438511536
105.95033711980288 29.61830259775415
103.88919316920423 38.87606513085847
101.8280492186056 39.96747489452946
99.76690526800695 38.97469777087997
97.70576131740833 42.33469225341406
95.64461736680968 40.973683178706025
93.58347341621104 45.06078733730286
91.52232946561239 44.56130617308047
89.46118551501375 47.63547593846476
87.40004156441512 43.41095396563372
85.33889761381647 46.82141551905089
83.27775366321784 49.90802765922552
81.21660971261919 46.34981335126557
79.15546576202055 46.52228796223882
77.0943218114219 45.809300369907795
75.03317786082327 46.22763721233924
72.97203391022464 53.926636498098844
70.91088995962599 47.39937306004118
68.84974600902736 46.445001500308436
66.78860205842871 47.74914280356645
64.72745810783007 42.818267572769116
62.666314157231426 42.01344686572079
60.605170206632785 44.12391381657055
58.544026256034144 47.53684726897304
56.4828823054355 49.243906605109224
54.42173835483686 52.63671415556804
52.36059440423823 54.56659740610022
50.29945045363959 52.05352238200951
48.23830650304094 56.750994971440086
46.17716255244229 60.12622982624114
44.11601860184365 50.52219543672742
42.054874651245015 55.64427045709053
39.993730700646374 52.727710952132036
37.93258675004773 56.11935010806571
35.87144279944909 48.89735571149502
33.81029884885045 52.88520426073578
31.74915489825181 59.11083317576238
29.68801094765317 63.81905405817968
27.626866997054528 73.17560044913374
25.56572304645589 69.30314921159597
23.50457909585725 77.70784233537852
21.443435145258604 74.47537623916311
19.382291194659967 79.05280141243722
17.321147244061326 76.09982816103958
15.260003293462683 78.13368384708836
13.198859342864043 80.16958742803804
11.137715392265402 79.6737298241802
9.076571441666761 73.6589206563295
7.015427491068121 75.26116691080709
4.954283540469481 72.11977081675903
2.89313958987084 70.08838372845457
0.831995639272199 66.52222748886237
-1.2291483113264416 49.27948851519369
-3.290292261925082 32.06210708701884
-5.351436212523724 33.939914187617646
-7.412580163122364 29.88640600994358
-9.473724113721007 26.12260762117975
-11.534868064319646 28.05615795195629
-13.596012014918285 28.09194258436526
-15.657155965516928 27.357772815306102
-17.71829991611557 32.174723303889984
-19.77944386671421 31.943366521528812
-21.84058781731285 32.77291727040385
-23.90173176791149 31.660407746351208
-25.962875718510134 32.366995479442906
-28.024019669108775 36.3708253907488
-30.085163619707412 38.0290248431356
-32.14630757030606 39.1665012251143
-34.2074515209047 37.13304517655392
-36.26859547150334 35.21545252908394
-38.32973942210198 39.04999553611142
-40.390883372700614 36.30723775280514
-42.452027323299255 37.71812152772903
-44.513171273897896 35.189798605676145
-46.57431522449654 30.666353684136975
-48.63545917509518 27.310467748145296
-50.69660312569382 24.296518810537535
-52.75774707629246 23.0782091991009
-54.8188910268911 22.66039729369053
-56.880034977489736 16.864799933295867
-58.94117892808838 18.593590487577274
-61.00232287868702 16.587583502300745
-63.06346682928566 10.44735187797836
-65.1246107798843 14.58917386562758
-67.18575473048294 18.261408828933696
-69.24689868108159 12.470182421927383
-71.30804263168022 10.877399091364786
-73.36918658227887 16.04094578717128
-75.4303305328775 14.90558954626726
-77.49147448347614 11.43248509846054
-79.55261843407479 18.33520831049844
-81.61376238467342 13.883559303781068
-83.67490633527207 12.599896064832594
-85.7360502858707 15.732376670722834
-87.79719423646935 15.81331169325777
-89.85833818706799 18.08769989959448
-91.91948213766662 14.629781473485972
-93.98062608826527 11.316266343346514
-96.0417700388639 11.779853750596377
-98.10291398946255 11.461612080632367
-100.16405794006121 11.302726347169985
-102.22520189065985 16.566178679477154
-104.2863458412585 10.577720064487147
-106.34748979185713 10.979850756674086
-108.40863374245578 15.052455759333254
-110.46977769305441 14.541288617526956
-112.53092164365304 20.42433121307517
-114.5920655942517 13.598859227709307
-116.65320954485033 17.867049054060878
-118.71435349544898 16.426006260447306
-120.77549744604761 14.106904804409982
-122.83664139664626 12.234113013414179
-124.89778534724489 16.906889917152544
-126.95892929784353 13.015268121677776
-129.02007324844217 12.423479502167169
-131.08121719904082 15.924600189853825
-133.14236114963944 17.919377681864884
-135.20350510023812 15.14897500039055
-137.26464905083674 12.108734603372913
-139.3257930014354 17.241661659611204
-141.386936952034 15.620092924348217
-143.44808090263265 14.034567756581621
-145.5092248532313 18.487352020972693
-147.57036880382995 16.78966460006707
-149.63151275442857 12.580053313880606
-151.69265670502722 19.204652714648613
-153.75380065562584 20.38090774631564
-155.81494460622451 21.944658943148795
-157.87608855682316 15.575188308967538
-159.93723250742178 14.695528234329096
-161.99837645802043 17.618247383285173
-164.05952040861908 20.739279019347425
-166.12066435921773 13.175864917328093
-168.18180830981635 18.925071232673627
-170.242952260415 18.854552805041827
-172.30409621101361 15.19980342809732
-174.3652401616123 19.769279081459672
-176.4263841122109 15.589008649541569
-178.48752806280956 16.196764862278407
-180.54867201340818 13.080893906612737
-182.60981596400683 19.087432018485885
-184.67095991460548 19.345186085263975
-186.73210386520412 16.82371718081035
-188.79324781580274 17.239896607520468
-190.8543917664014 16.493216591791185
-192.91553571700004 21.275974633088616
-194.9766796675987 19.65962395077079
-197.03782361819734 17.156110482993956
-199.09896756879593 15.437977116790295
-201.1601115193946 18.646263090339158
-203.22125546999322 13.91396644218114
-205.28239942059187 13.373738786621455
-207.3435433711905 18.42102175623973
-209.40468732178914 15.48763454615943
-211.4658312723878 20.224670577413114
-213.52697522298644 19.86812033631412
-215.58811917358506 15.808512497027882
-217.6492631241837 13.531939506352415
