# BEGINHEADER
# This file contains data from the SALSA 2m radio telescope.
# DATE=2025-03-12T09:41:0043
# GLON and GLAT given in degrees
# GLON=139.71748737249686
# GLAT=-0.18493226717246894
# DATA in two columns below. Col. 1 is velocity relative to LSR [km/s]. Col. 2 is uncalibrated antenna temperature [K].
# ENDHEADER
245.02532839816527 6.270290686574693
242.96418444756662 14.677351889427003
240.903040496968 10.943819471861492
238.84189654636933 14.040524126728998
236.7807525957707 15.488660875181498
234.71960864517206 7.570033929471486
232.65846469457344 11.928664081638582
230.5973207439748 8.27342253714814
228.53617679337614 9.293490481325515
226.4750328427775 11.498910739570121
224.41388889217887 12.932493047135114
222.35274494158023 8.511988310334013
220.2916009909816 15.197794370616021
218.23045704038293 11.094977636037827
216.1693130897843 6.651175281230955
214.10816913918566 12.741771566839338
212.047025188587 8.168537515107138
209.9858812379884 10.469944358184772
207.92473728738972 10.389180973643485
205.8635933367911 12.087217917947385
203.80244938619245 8.08843769102049
201.74130543559383 10.37051750425103
199.68016148499515 13.868777062384206
197.6190175343965 7.325300443621807
195.55787358379786 13.054622979889338
193.49672963319924 12.956264150359265
191.4355856826006 7.514218246640262
189.37444173200197 8.980334299833657
187.3132977814033 10.600379952971453
185.25215383080467 12.635145236391601
183.19100988020602 13.14188521444762
181.1298659296074 10.695969833319106
179.06872197900876 12.148470540459465
177.0075780284101 8.353908318732866
174.94643407781146 11.510436963328555
172.8852901272128 7.968881466213036
170.8241461766142 9.069421208527741
168.76300222601554 15.03399113303899
166.7018582754169 10.294408191857412
164.64071432481825 12.40460382084291
162.57957037421963 11.395530613607733
160.51842642362098 14.158851810172795
158.45728247302233 11.757744405430852
156.39613852242368 9.419901040787606
154.33499457182506 7.775216680542103
152.27385062122642 8.88440872291729
150.2127066706278 11.939060879660895
148.15156272002912 12.656532802964652
146.0904187694305 11.089975108927295
144.02927481883185 11.021400842593366
141.96813086823323 12.765789016269261
139.90698691763458 9.586182302594318
137.84584296703594 11.781791075777342
135.7846990164373 9.157637480490097
133.72355506583864 6.781853962242115
131.66241111524002 5.437253199943941
129.60126716464137 10.185332406151453
127.54012321404274 8.838005699254799
125.47897926344409 3.9257801991825034
123.41783531284545 7.383664297694818
121.3566913622468 7.529696276161156
119.29554741164817 7.2798129587619895
117.23440346104951 9.128265276472495
115.17325951045088 10.579349868970299
113.11211555985224 11.263484007440338
111.0509716092536 10.632678574307008
108.98982765865496 9.758957500440864
106.92868370805631 9.557812881065304
104.86753975745768 8.485191621775277
102.80639580685903 12.397883331079976
100.7452518562604 7.093875247944699
98.68410790566176 6.830598745093685
96.62296395506311 6.007374595045552
94.56182000446448 10.723431445671695
92.50067605386583 11.52473924525932
90.4395321032672 10.072266937692154
88.37838815266855 6.903801674553674
86.31724420206992 9.147098908111587
84.25610025147128 12.182873134981481
82.19495630087263 10.594490156341609
80.133812350274 12.598895269991605
78.07266839967534 10.722774336519988
76.0115244490767 6.7294010338028185
73.95038049847805 9.973434027522375
71.88923654787942 11.971874857720264
69.82809259728079 9.388143908828724
67.76694864668214 11.810130731948293
65.7058046960835 9.774316052563396
63.64466074548486 12.514300782932407
61.58351679488622 10.982898866404526
59.52237284428758 9.102807885280619
57.46122889368894 12.621648777643943
55.4000849430903 11.354720901705225
53.33894099249166 9.870743056806946
51.277797041893024 7.451007888537459
49.216653091294376 4.872243607077025
47.15550914069574 8.002919424203474
45.0943651900971 11.560714167936876
43.03322123949846 9.962117825284095
40.97207728889982 8.626588834712363
38.91093333830118 10.297108116380198
36.849789387702536 4.468291459679945
34.788645437103895 11.098358914307664
32.727501486505254 9.837003239604396
30.666357535906617 11.165117289697585
28.605213585307975 12.881058947211576
26.544069634709334 8.488237666597252
24.48292568411069 9.345221667717736
22.42178173351205 10.964633864846952
20.360637782913408 10.72774979652313
18.29949383231477 12.215606849929943
16.23834988171613 14.050269139279186
14.177205931117486 11.330010881177737
12.116061980518847 16.903011835784934
10.054918029920206 14.280866109469418
7.9937740793215655 21.90160319576298
5.9326301287229235 34.10368441034649
3.8714861781242833 51.440286781851725
1.8103422275256427 61.74069236162232
-0.25080172307299825 75.07361114057996
-2.311945673671639 78.87289215198624
-4.37308962427028 78.9739452047695
-6.43423357486892 80.08375571499589
-8.49537752546756 70.54728301903073
-10.556521476066202 78.32573024815572
-12.617665426664844 73.86293378429245
-14.678809377263484 78.36534862020822
-16.739953327862125 72.53981026798614
-18.801097278460766 56.34032517547985
-20.862241229059407 59.19248143001658
-22.923385179658045 50.384693500666856
-24.984529130256686 55.006121223928126
-27.045673080855327 51.298367440181835
-29.106817031453968 59.085909864690194
-31.16796098205261 67.75986558098904
-33.22910493265125 76.71422911188017
-35.29024888324989 87.75847937310795
-37.35139283384853 91.80186945365548
-39.41253678444717 95.67501130505134
-41.47368073504581 95.28490925351903
-43.53482468564445 93.48492953169482
-45.59596863624309 87.7778105257478
-47.65711258684174 77.66566391800363
-49.71825653744038 76.07399717156082
-51.77940048803902 66.08436340308498
-53.840544438637664 60.23851208144369
-55.901688389236305 56.49521474908604
-57.96283233983495 44.22082936364892
-60.02397629043358 39.49160111242763
-62.08512024103222 37.1005109931615
-64.14626419163086 31.796978304933646
-66.2074081422295 25.308229628671103
-68.26855209282814 28.452794706098057
-70.32969604342678 24.46983991971191
-72.39083999402543 29.978859520234785
-74.45198394462406 30.476500199786834
-76.51312789522272 32.083446516584324
-78.57427184582136 29.60280357069333
-80.63541579641999 29.223544508846505
-82.69655974701864 27.049400638805082
-84.75770369761727 24.90942560693635
-86.81884764821592 24.439151818003353
-88.87999159881456 23.78927112733952
-90.9411355494132 20.049724780530163
-93.00227950001184 22.445090830628533
-95.06342345061047 17.320650835729552
-97.12456740120912 17.949910971538877
-99.18571135180775 19.301335585868827
-101.2468553024064 16.847689230477002
-103.30799925300504 14.98566830823415
-105.36914320360368 16.038598498574963
-107.43028715420232 11.53268830932507
-109.49143110480095 13.056376532884068
-111.5525750553996 12.027917970199518
-113.61371900599823 9.736216412664238
-115.6748629565969 13.10585629724062
-117.73600690719553 12.595187582310126
-119.79715085779418 17.317204162400166
-121.85829480839281 17.84340042693175
-123.91943875899145 12.246463212674728
-125.9805827095901 14.008352027501592
-128.04172666018871 10.004545385665692
-130.10287061078736 12.551384232806491
-132.164014561386 12.823530649505908
-134.22515851198466 7.723823166647362
-136.2863024625833 13.12695305781224
-138.34744641318193 13.200629130517273
-140.40859036378058 13.586982939997142
-142.46973431437922 11.06036134352286
-144.53087826497787 12.794372930995923
-146.5920222155765 17.105876277944716
-148.65316616617514 12.872804108356116
-150.71431011677376 12.36463395534971
-152.77545406737244 8.814238074526193
-154.83659801797106 11.980447734683485
-156.8977419685697 14.437840483635343
-158.95888591916832 12.648180494153571
-161.020029869767 17.664352608753873
-163.08117382036562 13.809834235167646
-165.14231777096427 13.467747801881721
-167.2034617215629 13.52692695359976
-169.26460567216154 17.22432245552064
-171.32574962276018 14.69750461828929
-173.38689357335883 15.14886626658431
-175.44803752395748 18.577299379532015
-177.5091814745561 13.390108651454227
-179.57032542515475 12.385967634879862
-181.6314693757534 13.926020523245139
-183.69261332635205 15.42513273939026
-185.75375727695067 11.758776987690593
-187.8149012275493 17.275697767896553
-189.87604517814796 14.198242894141522
-191.9371891287466 13.542857047879302
-193.99833307934523 13.916430380985416
-196.05947702994388 14.137332788780554
-198.1206209805425 15.267146149537835
-200.18176493114115 14.440852777026128
-202.24290888173977 16.812175331795483
-204.3040528323384 10.973868744760365
-206.36519678293703 13.276795720067843
-208.4263407335357 16.594830481367968
-210.48748468413433 16.246461172947683
-212.54862863473298 18.89693660215082
-214.60977258533163 11.886840664110927
-216.67091653593027 12.277692205721674
-218.73206048652892 19.483165507063028
-220.79320443712754 13.19937571387912
-222.8543483877262 17.938145156189037
-224.9154923383248 14.103223158091195
-226.9766362889235 16.408398634095644
-229.0377802395221 17.056211462651866
-231.09892419012075 18.506209692775382
-233.16006814071937 18.64621380309534
-235.22121209131802 14.865115724191119
-237.28235604191667 18.399319401707057
-239.34349999251532 18.11971234803506
-241.40464394311394 14.532943043357653
-243.4657878937126 15.959733666709585
-245.5269318443112 12.79254817721119
-247.58807579490988 14.681584883494338
-249.6492197455085 16.5269761925825
-251.71036369610715 15.417351155617538
-253.7715076467058 18.5253665571022
-255.83265159730445 20.14646870723988
-257.8937955479031 15.824335220205667
-259.95493949850174 14.659542035108975
-262.01608344910034 11.89361029629965
-264.077227399699 12.939084819717998
-266.13837135029763 15.49772138305095
-268.1995153008963 16.137008169748942
-270.2606592514949 15.73795812592258
-272.3218032020936 18.304144222948118
-274.38294715269217 17.729476158768733
-276.4440911032909 12.787729683888644
-278.50523505388946 14.43724803364384
-280.5663790044881 19.21995702133722
