# BEGINHEADER
# This file contains data from the SALSA 2m radio telescope.
# DATE=2025-03-12T09:25:0033
# GLON and GLAT given in degrees
# GLON=44.85358668729692
# GLAT=0.19545544586722854
# DATA in two columns below. Col. 1 is velocity relative to LSR [km/s]. Col. 2 is uncalibrated antenna temperature [K].
# ENDHEADER
304.97649820328354 7.133672223417764
302.91535425268495 20.557898608200368
300.85421030208624 15.943178016728675
298.7930663514876 13.414431231666928
296.731922400889 12.783376002182758
294.67077845029036 16.277720735600425
292.6096344996917 11.518576207243116
290.54849054909306 10.825150466984294
288.4873465984944 11.330925229388395
286.42620264789576 17.69050792858541
284.3650586972971 18.48951849276874
282.3039147466985 12.24111630581767
280.2427707960999 13.60982623758368
278.18162684550117 9.032826364813646
276.1204828949026 11.597087727231925
274.05933894430393 12.923570765568687
271.9981949937053 9.924283270979544
269.93705104310664 16.708595461197657
267.875907092508 10.748513480454966
265.8147631419094 9.733168910692658
263.75361919131075 10.177589355788465
261.6924752407121 7.895036149581806
259.63133129011345 11.41409638043996
257.5701873395148 17.683622158677352
255.50904338891615 15.689552105161795
253.44789943831753 12.579001096968643
251.3867554877189 11.583678314649497
249.32561153712024 15.21449545206356
247.2644675865216 13.325223347823101
245.20332363592294 10.549934871001106
243.14217968532432 10.11084351031461
241.08103573472567 8.806729208836083
239.01989178412705 11.51383267524468
236.95874783352838 12.031801783929367
234.89760388292976 13.893341689268665
232.8364599323311 11.582129793431164
230.7753159817325 12.4676143702212
228.71417203113384 18.724775642366392
226.6530280805352 15.010994548743227
224.59188412993655 11.373353255555525
222.53074017933793 8.773302892753573
220.46959622873928 14.794808423056526
218.40845227814063 11.562270350874895
216.34730832754198 12.181725635461701
214.28616437694336 10.50571489773853
212.2250204263447 8.815442552581866
210.16387647574606 10.722106980853281
208.10273252514742 11.44222610540034
206.04158857454877 10.628795375333501
203.98044462395015 9.84747553297879
201.9193006733515 8.006608290218868
199.85815672275288 9.910424564322419
197.79701277215423 9.618744003420039
195.7358688215556 8.001545474484772
193.67472487095696 10.875248303937905
191.61358092035832 10.365960497261314
189.55243696975967 11.41069269858678
187.49129301916105 10.958630062560697
185.4301490685624 15.698639014097122
183.36900511796378 12.858545389875362
181.3078611673651 10.014575063637828
179.24671721676648 13.818596296475526
177.18557326616784 16.094469980588496
175.12442931556922 14.293619364945243
173.06328536497057 10.295297137081713
171.0021414143719 11.885531174366767
168.94099746377327 11.387097030920788
166.87985351317462 9.302202703629126
164.818709562576 9.802534668477056
162.75756561197733 8.086434834680004
160.6964216613787 11.337168772051827
158.63527771078006 9.713181860404871
156.57413376018144 13.809570245321154
154.5129898095828 15.58652556363735
152.45184585898414 10.483526293850618
150.3907019083855 11.255218375196174
148.32955795778688 6.453818071253177
146.26841400718823 12.84436643148889
144.2072700565896 13.099772793336456
142.14612610599093 9.242618163717895
140.0849821553923 13.020938970902279
138.02383820479366 10.429851991791123
135.96269425419504 8.813452349250793
133.90155030359637 9.23248753073647
131.84040635299772 11.517203935913827
129.7792624023991 13.468172222372239
127.71811845180046 12.041203527159725
125.65697450120182 12.791048249744003
123.59583055060318 14.835245728522702
121.53468660000453 9.949543698249155
119.4735426494059 8.270863697897878
117.41239869880727 9.791270188681032
115.35125474820862 10.114245000532078
113.29011079760997 11.235589894670388
111.22896684701132 8.780885126677932
109.16782289641269 10.171435432145396
107.10667894581404 15.638078743171562
105.0455349952154 8.140204454866348
102.98439104461677 13.156839041253345
100.92324709401812 11.619935322114278
98.86210314341949 9.536416597646548
96.80095919282084 9.383972038761298
94.7398152422222 8.480583618590272
92.67867129162356 13.51955470309141
90.61752734102492 9.945517882673794
88.55638339042629 14.302540323540615
86.49523943982764 12.686257579141182
84.43409548922901 12.382318262609594
82.37295153863036 19.23665503372659
80.31180758803173 16.287873126385012
78.25066363743308 23.385980183421967
76.18951968683444 32.84149725745927
74.1283757362358 33.22910418349578
72.06723178563715 46.9607553155099
70.00608783503851 54.15651206989732
67.94494388443987 54.00392360911961
65.88379993384123 64.69219646462601
63.82265598324259 75.27285590672673
61.76151203264395 80.07157825431798
59.70036808204531 75.78578540414728
57.63922413144667 79.91708203103893
55.57808018084803 79.72841001086961
53.51693623024939 74.88587356262946
51.45579227965075 72.05700619462363
49.39464832905211 68.56185853023362
47.33350437845347 65.1986324103113
45.27236042785482 66.88704799390024
43.21121647725619 69.44404714979957
41.150072526657546 65.12422019355634
39.088928576058905 67.14219687339467
37.027784625460264 72.26615048152118
34.96664067486162 71.67137494642296
32.90549672426298 71.30113536997617
30.84435277366434 79.02060750004848
28.7832088230657 79.27010707600549
26.722064872467058 79.86619749242232
24.660920921868417 76.98037414705594
22.599776971269772 81.03598322442707
20.538633020671135 77.43788964221926
18.477489070072494 77.50062067441864
16.416345119473853 72.22271053289859
14.355201168875212 69.40862288520997
12.29405721827657 70.02045736801507
10.23291326767793 75.33892445060843
8.171769317079288 86.05366841023134
6.110625366480649 86.09077313326016
4.049481415882009 70.70641502351015
1.9883374652833674 61.501661554590115
-0.07280648531527321 53.809516117320264
-2.1339504359139143 37.494143939401795
-4.1950943865125545 29.17936324385446
-6.256238337111196 24.846458755551872
-8.317382287709837 21.402170236836305
-10.378526238308478 19.020094465730057
-12.439670188907117 22.4030582984207
-14.50081413950576 20.80480029849908
-16.5619580901044 21.74150193824232
-18.623102040703042 21.45867318852026
-20.68424599130168 23.215532514962913
-22.74538994190032 23.245421337692306
-24.80653389249896 25.941466111859622
-26.867677843097603 27.09763266798222
-28.928821793696244 29.584014013791293
-30.98996574429488 32.92913489009413
-33.051109694893526 35.168059232969895
-35.11225364549217 38.61527134937381
-37.17339759609081 39.44499337146325
-39.23454154668945 38.332116794031194
-41.29568549728808 39.66464265139608
-43.356829447886724 41.016501549520115
-45.417973398485366 38.03575458634007
-47.47911734908401 41.07592342352509
-49.54026129968265 39.2671424965108
-51.601405250281296 40.61729616221099
-53.66254920087993 40.281084156568554
-55.72369315147857 42.79734419820325
-57.78483710207721 40.57842937763439
-59.84598105267585 38.46206073189321
-61.907125003274494 34.98717596053774
-63.968268953873135 27.146747640365373
-66.02941290447177 24.686649620515144
-68.09055685507042 22.73180274415803
-70.15170080566905 25.66854718933407
-72.2128447562677 21.147549345695044
-74.27398870686633 22.11215230803557
-76.33513265746497 20.829698480434658
-78.39627660806362 14.871167582704555
-80.45742055866226 16.13743599051827
-82.51856450926091 10.54784492350191
-84.57970845985955 15.452142821276198
-86.6408524104582 13.073157226976825
-88.70199636105683 7.205453840361478
-90.76314031165546 13.559055432875486
-92.82428426225411 15.332922782831282
-94.88542821285274 13.493818195185984
-96.94657216345139 14.51798349338199
-99.00771611405003 12.332712363960045
-101.06886006464867 16.33667388917909
-103.13000401524731 12.805604826118808
-105.19114796584594 10.919595373686375
-107.25229191644459 12.747739088999426
-109.31343586704322 16.932308806744032
-111.37457981764187 16.36289248367027
-113.4357237682405 15.65971615748109
-115.49686771883916 14.477408354710093
-117.5580116694378 16.788913234108076
-119.61915562003644 12.070295301122986
-121.68029957063509 12.676440536616154
-123.74144352123372 14.475668567694347
-125.80258747183237 15.344022032590406
-127.863731422431 19.021500082869665
-129.92487537302964 11.572175896739239
-131.98601932362828 14.213588807859866
-134.0471632742269 12.646045682651806
-136.10830722482555 13.595709829261756
-138.16945117542423 14.596430264988667
-140.23059512602285 11.572012056948251
-142.2917390766215 12.870681650881139
-144.35288302722012 18.763457240695168
-146.41402697781876 18.43982835336103
-148.4751709284174 15.161687019077743
-150.53631487901606 15.603297914816565
-152.59745882961468 17.777631360521475
-154.65860278021333 16.496424211167746
-156.71974673081198 17.55700963529244
-158.78089068141063 14.302550875145505
-160.84203463200924 12.634742682198112
-162.9031785826079 14.345632121422621
-164.9643225332065 14.739708282710081
-167.0254664838052 16.58890303964072
-169.0866104344038 14.801372443577222
-171.14775438500246 15.257560008473154
-173.20889833560108 16.903072590049785
-175.27004228619973 19.712697998394283
-177.3311862367984 14.402670758832075
-179.39233018739702 13.76867456141961
-181.45347413799567 13.713008978910784
-183.5146180885943 17.60887566071724
-185.57576203919294 19.018076849692147
-187.6369059897916 19.824322005111213
-189.69804994039023 14.699292110461156
-191.75919389098885 12.948613781683543
-193.8203378415875 15.291988923169452
-195.88148179218615 11.199288017633789
-197.9426257427848 15.425168731319369
-200.00376969338345 15.650800876437785
-202.0649136439821 16.91946699579935
-204.12605759458071 13.869595289796349
-206.18720154517936 16.180621997349412
-208.248345495778 18.596877853285758
-210.30948944637666 13.247673479853617
-212.37063339697528 21.65664038531147
-214.43177734757393 23.440056489174772
-216.49292129817258 15.787574254886044
-218.55406524877122 14.81437998989826
-220.61520919936987 13.68951051496632
