# BEGINHEADER
# This file contains data from the SALSA 2m radio telescope.
# DATE=2025-03-12T09:55:0025
# GLON and GLAT given in degrees
# GLON=59.869760685022655
# GLAT=0.1567209136268446
# DATA in two columns below. Col. 1 is velocity relative to LSR [km/s]. Col. 2 is uncalibrated antenna temperature [K].
# ENDHEADER
299.2960712515293 6.487805159781311
297.2349273009307 15.73232825705493
295.1737833503321 13.101509323924846
293.1126393997334 19.188669634589015
291.0514954491348 19.12599098836364
288.99035149853614 14.085033223189454
286.9292075479375 10.722692236415812
284.86806359733885 17.621880487893318
282.8069196467402 10.346900490840024
280.7457756961416 18.241662477452486
278.6846317455429 26.782172470831753
276.62348779494425 12.221683488525427
274.56234384434566 19.22238039316668
272.501199893747 11.031598162218108
270.44005594314837 14.645677293199757
268.3789119925497 11.262223315193815
266.31776804195107 14.064740294931285
264.2566240913525 14.549896390341194
262.1954801407538 9.16012184970611
260.1343361901552 12.749355873665314
258.07319223955653 14.634709391103266
256.0120482889579 11.144873207683467
253.95090433835924 9.87944798541665
251.8897603877606 16.20140038458733
249.82861643716197 16.474259470611706
247.76747248656332 13.729322384329716
245.7063285359647 11.75912555204117
243.64518458536602 11.366053555177968
241.58404063476738 11.454894742025179
239.52289668416876 10.86913433879047
237.4617527335701 10.013990065085652
235.4006087829715 13.44806577746617
233.3394648323728 13.67822893620169
231.2783208817742 10.242812873556277
229.21717693117554 13.537751405393669
227.15603298057692 12.286815139237056
225.09488902997828 9.59113578597849
223.03374507937963 16.047253289803397
220.97260112878098 14.398663370611349
218.91145717818236 13.36286109117254
216.8503132275837 15.384713023630882
214.78916927698506 9.221077924368009
212.72802532638642 10.98973633732029
210.6668813757878 11.86148766497036
208.60573742518915 11.224397588427843
206.54459347459053 15.119825479156646
204.48344952399185 13.127329579929203
202.4223055733932 11.255206110608256
200.36116162279458 14.019839617757206
198.30001767219593 10.961029371703443
196.23887372159732 12.781157360668585
194.17772977099867 14.608518709968616
192.11658582040005 12.776080395946776
190.0554418698014 9.193983514042193
187.99429791920275 15.436595123948642
185.9331539686041 16.18020522552246
183.87201001800548 15.002465716302696
181.81086606740683 8.769635455488649
179.74972211680821 11.36071997448469
177.68857816620954 14.133398696858718
175.62743421561092 11.245785307521917
173.56629026501227 14.29285173050776
171.50514631441365 9.767920992005246
169.444002363815 14.956706759195805
167.38285841321635 14.706386545426666
165.3217144626177 13.232748421704505
163.2605705120191 12.873056216004516
161.19942656142044 15.174974699230228
159.13828261082176 14.663875667887288
157.07713866022314 10.850971145739637
155.0159947096245 12.774491291853037
152.95485075902587 10.003668430295907
150.89370680842723 13.823138479263804
148.83256285782858 9.143978826649066
146.77141890722993 8.772487624135797
144.7102749566313 16.216830709380815
142.64913100603266 12.784345169681448
140.58798705543404 11.765729254521627
138.52684310483536 12.784398979228504
136.46569915423675 10.330904979611516
134.4045552036381 14.207654120283209
132.34341125303948 12.643921353733738
130.28226730244083 11.968776015721932
128.22112335184218 14.633815379235022
126.15997940124353 9.457619960378418
124.0988354506449 14.39726692950945
122.03769150004625 12.331991543343992
119.97654754944762 12.951499317848645
117.91540359884897 13.610304949842915
115.85425964825033 10.888890568550977
113.7931156976517 13.337596174945235
111.73197174705305 11.743159295379078
109.67082779645442 10.374118702779215
107.60968384585577 10.902826711930876
105.54853989525714 9.447692847650233
103.48739594465847 10.63648739817187
101.42625199405984 11.650476200024906
99.3651080434612 14.149668624281615
97.30396409286254 11.545100833078454
95.24282014226391 14.882740157113446
93.18167619166528 13.73003774873998
91.12053224106663 9.992311917542978
89.059388290468 14.615976127777738
86.99824433986934 9.644024467674225
84.93710038927071 14.20133919688141
82.87595643867206 11.458934580893223
80.81481248807343 12.08783166564266
78.7536685374748 10.21015849818251
76.69252458687615 11.609917961468142
74.63138063627751 14.552992971578234
72.57023668567886 11.503419530587555
70.50909273508023 15.464042805018913
68.44794878448158 13.151085316898481
66.38680483388293 12.167677412392635
64.3256608832843 12.863357426771392
62.26451693268566 13.445432921308102
60.20337298208702 12.946502853891303
58.142229031488384 15.839382998752589
56.081085080889736 20.356217987569924
54.019941130291095 18.956914416327045
51.95879717969245 21.678267262363438
49.89765322909381 26.392777337025603
47.83650927849518 29.641185778088133
45.77536532789654 32.80265075931389
43.714221377297896 38.61123308042688
41.65307742669926 50.78210731112059
39.59193347610062 48.70361229796492
37.53078952550197 58.6412415342833
35.46964557490333 63.828134630907634
33.40850162430469 73.25330163455271
31.347357673706053 82.61552581524053
29.286213723107412 91.00181665104841
27.22506977250877 91.38223249317669
25.163925821910134 92.76711047937474
23.102781871311485 89.43907666867247
21.041637920712844 89.92952526856318
18.980493970114207 86.0465882632786
16.919350019515566 89.87385295021011
14.858206068916925 91.74866041705431
12.797062118318284 97.89807381431868
10.735918167719644 106.87866562117205
8.674774217121003 108.76268974269537
6.613630266522362 107.45715119475508
4.552486315923721 95.406057023891
2.4913423653250804 84.92940867822819
0.43019841472643966 71.2916069308953
-1.6309455358722011 69.09522135771637
-3.692089486470842 61.42571887993577
-5.753233437069483 53.45546692499501
-7.814377387668123 51.15088846225483
-9.875521338266765 49.84765650900585
-11.936665288865404 45.04885316294216
-13.997809239464047 43.57468180303647
-16.058953190062688 41.66224693562304
-18.12009714066133 39.90972622158474
-20.18124109125997 31.812073434534156
-22.242385041858608 30.442312111144783
-24.30352899245725 27.57846214605849
-26.36467294305589 23.48056519368677
-28.42581689365453 23.7503960874349
-30.48696084425317 18.4524265856217
-32.54810479485181 21.203964606593118
-34.60924874545045 21.57838231956092
-36.67039269604909 17.730128289610224
-38.73153664664773 17.338562051848086
-40.792680597246374 22.039458259953047
-42.853824547845015 23.85802298324937
-44.914968498443656 27.135273921124902
-46.9761124490423 28.704759226773906
-49.03725639964094 32.761477992766984
-51.09840035023958 40.34414023004916
-53.15954430083822 44.852573885726784
-55.22068825143686 44.816094263827424
-57.2818322020355 49.59737443852418
-59.34297615263415 54.208747937340306
-61.40412010323279 55.42802397115582
-63.46526405383143 54.144367200991695
-65.52640800443007 55.19301943280351
-67.58755195502872 48.05441398026282
-69.64869590562735 48.81955616739404
-71.70983985622598 44.58456762441577
-73.77098380682463 40.664909182773066
-75.83212775742327 38.91982960001126
-77.89327170802191 34.075193662927205
-79.95441565862055 33.45304355943457
-82.0155596092192 32.28167523643808
-84.07670355981783 22.425473776396643
-86.13784751041646 23.037013939061886
-88.19899146101513 20.6436365498385
-90.26013541161376 23.18255576493702
-92.32127936221241 21.28316017882862
-94.38242331281104 19.500676383493275
-96.44356726340969 19.969270528784484
-98.50471121400832 18.022369995641785
-100.56585516460696 18.346788360236168
-102.62699911520559 19.827172875677
-104.68814306580424 21.85114843648136
-106.74928701640287 19.076424206405374
-108.81043096700151 17.63414384527823
-110.87157491760016 16.560535474194122
-112.93271886819879 20.921002375595116
-114.99386281879744 13.408526398455043
-117.05500676939607 10.49234191601838
-119.11615071999472 16.750972589420748
-121.17729467059335 17.893309132418207
-123.23843862119199 13.0977048228302
-125.29958257179064 15.591908597339318
-127.36072652238927 13.81732593344593
-129.42187047298793 13.74155756015025
-131.48301442358658 12.871944886785817
-133.5441583741852 15.992625007016217
-135.60530232478385 15.581276465151676
-137.66644627538247 17.74889794084705
-139.72759022598112 14.820134691525004
-141.78873417657977 19.085586489577402
-143.8498781271784 16.545460712583495
-145.91102207777703 15.015652615857634
-147.97216602837568 14.732744684667802
-150.03330997897433 18.06724598452741
-152.09445392957298 16.381473582341563
-154.15559788017163 14.922786794905367
-156.21674183077025 14.994154743910538
-158.2778857813689 21.644199316097414
-160.33902973196754 15.621956537762587
-162.4001736825662 14.945604965113708
-164.4613176331648 19.61202290256021
-166.52246158376346 18.351716190641238
-168.58360553436208 16.003860665110317
-170.64474948496076 14.897706630125281
-172.70589343555937 16.27798930127902
-174.76703738615802 17.44966368674503
-176.82818133675664 17.67538878629546
-178.8893252873553 17.560709743239574
-180.95046923795394 16.32881177683256
-183.0116131885526 17.682605437640767
-185.0727571391512 14.002275315011376
-187.13390108974986 19.031709585832647
-189.1950450403485 12.810692309451474
-191.25618899094715 16.327861630830498
-193.3173329415458 15.268192794132126
-195.37847689214442 14.534228604745678
-197.43962084274307 15.833168788661958
-199.50076479334172 15.999711059979125
-201.5619087439404 18.576771997484
-203.623052694539 17.587044104752383
-205.68419664513766 16.062327541404542
-207.74534059573628 12.997670248498379
-209.80648454633493 14.589773572373556
-211.86762849693358 12.1982345152038
-213.92877244753222 18.645141822429885
-215.98991639813084 17.5306959434686
-218.0510603487295 19.326636828484613
-220.1122042993281 21.232259394295497
-222.1733482499268 15.069001977741312
-224.23449220052544 15.416165451791153
-226.29563615112406 18.21092598097707
