# BEGINHEADER
# This file contains data from the SALSA 2m radio telescope.
# DATE=2025-03-12T09:40:0043
# GLON and GLAT given in degrees
# GLON=134.69058001395152
# GLAT=-0.20363989427059043
# DATA in two columns below. Col. 1 is velocity relative to LSR [km/s]. Col. 2 is uncalibrated antenna temperature [K].
# ENDHEADER
248.4579649975909 9.472293924717144
246.39682104699227 15.184578198064544
244.3356770963936 9.341230064274418
242.27453314579498 14.262124345836142
240.21338919519633 11.517737279973577
238.1522452445977 13.890608747550049
236.09110129399906 15.778659951516643
234.0299573434004 14.136136596776169
231.96881339280176 9.404361943686876
229.90766944220314 14.682769602964527
227.8465254916045 11.579323812234577
225.78538154100588 10.99178060809465
223.7242375904072 12.716551695433635
221.66309363980858 10.244476304073908
219.60194968920993 9.649497280226457
217.54080573861128 10.808255002344868
215.47966178801266 7.224871664711354
213.418517837414 10.994166251776024
211.35737388681537 12.061569395244163
209.29622993621672 8.241641195970614
207.2350859856181 11.673047718488343
205.17394203501942 8.431937287445207
203.1127980844208 10.928123876387023
201.05165413382215 17.243875583345076
198.99051018322353 16.122948114079
196.9293662326249 10.051902437787064
194.86822228202627 10.742178211935041
192.80707833142762 14.338725000132532
190.745934380829 9.544476612347703
188.68479043023035 10.944652745774656
186.6236464796317 9.348962545609714
184.56250252903305 9.453782947058102
182.50135857843443 13.113625555001606
180.4402146278358 11.505840723809708
178.3790706772371 10.281259661699599
176.3179267266385 10.964432674374718
174.25678277603984 10.494877150105099
172.19563882544122 15.00922976529124
170.13449487484257 13.481550836153337
168.07335092424393 7.738800188220725
166.01220697364528 12.743483539794696
163.95106302304666 11.045713476800689
161.889919072448 10.307683895489715
159.8287751218494 9.97974690762992
157.7676311712507 7.241732835777052
155.7064872206521 13.017368976427482
153.64534327005344 16.47821072239262
151.58419931945483 13.681664980252782
149.52305536885615 11.21343058373676
147.46191141825753 9.139389786268186
145.40076746765888 13.638812010087516
143.33962351706026 11.626556766823345
141.2784795664616 12.225148118372907
139.21733561586294 12.941909542427252
137.15619166526432 11.862435488230174
135.09504771466567 10.017439631285384
133.03390376406705 8.102286092325826
130.9727598134684 8.160539613934242
128.91161586286975 8.183388545211344
126.85047191227112 9.73457325612295
124.78932796167248 10.042009590709451
122.72818401107384 12.304355162053016
120.66704006047519 9.520039987451211
118.60589610987655 14.812039333895331
116.5447521592779 10.764184912175203
114.48360820867927 3.5726973798799473
112.42246425808062 8.74486840470353
110.36132030748199 10.024169536988046
108.30017635688334 10.339649105415196
106.23903240628471 8.35432811567225
104.17788845568607 9.796834774919487
102.11674450508742 12.859981982774286
100.05560055448879 10.87186226074003
97.99445660389014 12.97259635924821
95.93331265329151 14.505787524047795
93.87216870269286 10.414842744134404
91.81102475209423 13.991658001435914
89.74988080149559 14.914543481154997
87.68873685089694 8.122024085702355
85.62759290029831 9.101735276328718
83.56644894969966 8.619840773531134
81.50530499910101 13.614934652585935
79.44416104850237 8.874577867070016
77.38301709790373 9.749056482552719
75.3218731473051 8.04309991154552
73.26072919670645 11.484018801836642
71.19958524610782 11.856803263176877
69.13844129550917 10.499517190264788
67.07729734491053 10.340427611423829
65.0161533943119 9.81925253438584
62.95500944371325 7.396296777076866
60.89386549311461 13.168114871078744
58.83272154251597 7.672387104656581
56.771577591917335 9.347107451505204
54.710433641318694 9.26658828164221
52.649289690720046 10.159509174481608
50.588145740121405 7.485036927921471
48.52700178952276 8.922618832379259
46.46585783892412 13.136706450095728
44.40471388832548 11.273835373714117
42.34356993772684 11.314267015558936
40.2824259871282 11.102082627508223
38.22128203652956 9.043782304994636
36.16013808593092 10.54321613056539
34.09899413533227 7.812340440903703
32.037850184733635 12.265356610443842
29.976706234134998 10.532648545967678
27.915562283536353 12.61863634129982
25.854418332937712 10.701622554977176
23.79327438233907 10.412706921653008
21.732130431740433 12.62117133432797
19.670986481141792 14.920868866691965
17.609842530543148 10.634296533941477
15.548698579944508 15.369504497882897
13.487554629345869 18.457681257233027
11.426410678747226 16.640274489012427
9.365266728148587 19.985630100050273
7.304122777549946 27.066510779406013
5.242978826951305 35.701626803645205
3.181834876352664 49.020803291546734
1.1206909257540238 61.43577680697902
-0.9404530248446171 73.63777558890537
-3.0015969754432583 76.58712126525282
-5.062740926041899 77.33679405867878
-7.12388487664054 74.61997407471367
-9.185028827239181 73.014859083783
-11.24617277783782 66.21387901409965
-13.307316728436462 61.7508122658569
-15.368460679035103 54.80548299644169
-17.429604629633744 49.73459008072044
-19.490748580232385 53.60778562573582
-21.551892530831026 49.76679624050501
-23.613036481429667 47.530727032875554
-25.674180432028304 45.6827171176885
-27.735324382626946 47.27127602464133
-29.79646833322559 50.6481148978977
-31.85761228382423 60.681730793654026
-33.91875623442287 66.93471768521196
-35.979900185021506 67.16568291480033
-38.04104413562015 73.3559941527502
-40.10218808621879 75.75259926486078
-42.16333203681743 81.11207465724782
-44.22447598741608 83.28190947323921
-46.28561993801472 86.61776263896995
-48.34676388861336 80.78509381204876
-50.407907839211994 80.62766076771443
-52.469051789810635 76.1939623251283
-54.53019574040927 77.78465115889621
-56.59133969100791 69.32456447765148
-58.65248364160655 64.49831170743062
-60.71362759220519 63.579302810705215
-62.77477154280383 51.908179716803055
-64.83591549340248 46.2228478030737
-66.89705944400112 36.357399650831205
-68.95820339459975 37.746254814017576
-71.0193473451984 34.20657634717361
-73.08049129579705 34.83100724876908
-75.14163524639568 37.041264102930434
-77.20277919699433 36.625660665028725
-79.26392314759296 30.21738654145062
-81.32506709819161 25.781431436419865
-83.38621104879024 24.88590251573407
-85.44735499938889 29.726385463508528
-87.50849894998753 23.982341117002047
-89.56964290058616 26.658441236929367
-91.63078685118481 22.457235270582288
-93.69193080178344 25.145286386327026
-95.75307475238209 28.273048027304554
-97.81421870298072 25.1415058984945
-99.87536265357937 20.79849288462377
-101.936506604178 18.027456249767567
-103.99765055477664 20.085816323230823
-106.05879450537529 21.6704701562347
-108.11993845597392 17.758426730268493
-110.18108240657257 11.866494126225367
-112.24222635717122 18.656878051202206
-114.30337030776987 12.618662079186615
-116.3645142583685 8.434623016663913
-118.42565820896714 11.742086330408343
-120.48680215956578 10.940034612757833
-122.54794611016442 12.804278402607636
-124.60909006076307 14.764107121557448
-126.6702340113617 15.942064025708492
-128.73137796196033 10.368335439647892
-130.79252191255898 19.52590802621248
-132.85366586315763 12.090894513270326
-134.91480981375628 10.746914804464696
-136.9759537643549 16.58769531075086
-139.03709771495355 13.180590343237185
-141.0982416655522 11.606860307540106
-143.15938561615084 12.816057560547039
-145.22052956674946 12.053662628192091
-147.2816735173481 12.336486926457747
-149.34281746794673 14.162799594868632
-151.4039614185454 14.86321609597291
-153.46510536914403 12.916888695912522
-155.52624931974267 17.22410375803603
-157.5873932703413 14.568365603976748
-159.64853722093994 11.217277631714891
-161.7096811715386 15.063980678224627
-163.77082512213724 11.575381704431123
-165.83196907273586 10.193070928838143
-167.8931130233345 11.557494292941243
-169.95425697393318 11.800637716795745
-172.0154009245318 8.765585901469686
-174.07654487513045 8.841707313702388
-176.13768882572907 17.009662895543578
-178.19883277632772 15.606431364853721
-180.25997672692637 10.479230982892814
-182.32112067752502 11.970111226571836
-184.38226462812364 10.770382637574887
-186.44340857872228 15.061458918528729
-188.5045525293209 12.214209997848787
-190.56569647991958 15.415814082205685
-192.6268404305182 13.534152596795614
-194.68798438111685 17.438772427462663
-196.74912833171547 15.061640690714539
-198.81027228231414 13.03314481690195
-200.87141623291276 17.313186377599926
-202.93256018351144 14.046579385231993
-204.99370413411006 14.092072959328567
-207.0548480847087 12.691827818656359
-209.11599203530736 16.20981438378647
-211.177135985906 13.289791935295048
-213.23827993650465 13.780345271141297
-215.29942388710327 12.439507275339656
-217.36056783770192 15.977520043343885
-219.42171178830054 16.653419165257752
-221.48285573889922 15.065343609649918
-223.54399968949784 17.37494692866722
-225.6051436400965 15.52898547071749
-227.6662875906951 12.86277227295314
-229.72743154129375 11.44112350332141
-231.7885754918924 15.255573581997531
-233.84971944249105 13.152025399078843
-235.91086339308967 15.72519179694813
-237.97200734368832 20.168233761599353
-240.03315129428694 15.28780817330961
-242.09429524488561 18.211908879735105
-244.15543919548423 18.506107574255783
-246.21658314608288 11.224219442229277
-248.27772709668153 11.824308045527493
-250.33887104728018 15.889140027828915
-252.40001499787883 16.0059314074248
-254.46115894847745 18.985472789256185
-256.52230289907607 16.06220642628187
-258.5834468496747 17.741581621347734
-260.64459080027336 14.502940563304843
-262.705734750872 16.645502735287415
-264.76687870147066 17.788358485916856
-266.8280226520693 13.162947028787379
-268.88916660266796 15.802935992989157
-270.95031055326655 16.21021568970295
-273.0114545038652 13.88201726556883
-275.0725984544639 14.39487939297239
-277.1337424050625 17.25037748974399
