# BEGINHEADER
# This file contains data from the SALSA 2m radio telescope.
# DATE=2025-03-12T09:45:0007
# GLON and GLAT given in degrees
# GLON=154.8113461261996
# GLAT=-0.2231516044171614
# DATA in two columns below. Col. 1 is velocity relative to LSR [km/s]. Col. 2 is uncalibrated antenna temperature [K].
# ENDHEADER
235.7224500017364 9.255703527614633
233.66130605113779 14.438278083019872
231.6001621005391 11.85286534854763
229.5390181499405 17.174239255100186
227.47787419934184 13.165162000954512
225.41673024874322 14.680759479464307
223.35558629814457 13.010167635608049
221.2944423475459 13.201485985647443
219.23329839694728 13.804697166130023
217.17215444634863 13.02647348611771
215.11101049575 18.085790981578278
213.04986654515136 10.514953924159505
210.9887225945527 15.073201801238865
208.92757864395406 17.176307522957703
206.86643469335544 13.9781908814025
204.8052907427568 14.599266008122571
202.74414679215815 13.260028993542667
200.6830028415595 11.16270945076765
198.62185889096088 14.052066879400853
196.5607149403622 9.143468881400613
194.49957098976358 12.88635327420506
192.43842703916494 12.013350320719061
190.3772830885663 12.796485952121317
188.31613913796764 14.191407608097006
186.254995187369 12.716022845809041
184.19385123677037 10.829863588131127
182.13270728617172 12.717251238863602
180.07156333557307 12.497889163729658
178.01041938497443 14.867543014625012
175.9492754343758 16.42645772610244
173.88813148377716 12.659294744748628
171.82698753317854 11.7313315047046
169.76584358257986 11.88723089960131
167.70469963198124 11.898450765882517
165.6435556813826 15.527101701282003
163.58241173078397 10.739749481447387
161.5212677801853 12.163198608906974
159.46012382958668 14.484878319690079
157.39897987898803 14.182035427043163
155.3378359283894 10.130973229664805
153.27669197779076 10.093959306738139
151.2155480271921 12.25710482704508
149.15440407659347 14.909419191438063
147.09326012599482 9.180002867779322
145.0321161753962 12.05354613381195
142.97097222479755 11.886101495182826
140.9098282741989 8.247520821765258
138.84868432360025 9.823111266906889
136.78754037300163 11.372532261608518
134.72639642240298 10.768138243552734
132.66525247180434 11.223240679903148
130.60410852120572 17.055305799303458
128.54296457060707 17.272315085685136
126.48182062000842 9.972008619234662
124.42067666940977 11.423869108591186
122.35953271881114 9.986226385569687
120.29838876821249 12.417673946197137
118.23724481761386 9.918382956419709
116.17610086701522 13.497674665951035
114.11495691641657 14.17736846069023
112.05381296581794 7.90574143489539
109.99266901521929 11.664612510444245
107.93152506462066 10.170560209903485
105.87038111402201 11.902959175286943
103.80923716342338 10.08913204812547
101.74809321282474 11.835121038319055
99.6869492622261 9.050623464126787
97.62580531162746 9.38256875442289
95.56466136102883 9.880063324963432
93.50351741043019 12.294223291168343
91.44237345983154 12.734957710321586
89.3812295092329 8.87433120547362
87.32008555863425 9.103261482998413
85.25894160803561 9.303677691651165
83.19779765743696 12.70552700257189
81.13665370683833 10.76683024538991
79.0755097562397 10.717488690692495
77.01436580564105 12.298144375134106
74.95322185504241 12.860438712121846
72.89207790444377 12.950942953238815
70.83093395384513 10.677603256249094
68.7697900032465 12.510489362471041
66.70864605264785 9.869185100906975
64.6475021020492 13.851735844590944
62.58635815145057 15.716225495821764
60.525214200851934 7.479069000160931
58.464070250253286 10.340334614214541
56.402926299654645 12.779502715907704
54.341782349056004 13.50267428297944
52.28063839845736 13.125716495406017
50.21949444785872 13.747806620603262
48.15835049726008 7.9145402190933005
46.09720654666144 14.37740311953195
44.0360625960628 18.88841290929755
41.97491864546416 12.797975399536686
39.91377469486551 11.147202424986872
37.85263074426687 11.523376412453663
35.791486793668234 7.326100708883686
33.73034284306959 9.014208149289693
31.669198892470952 13.462617460449804
29.60805494187231 12.217598707879755
27.54691099127367 12.758874819576617
25.48576704067503 11.655743863346508
23.42462309007639 12.730991041452446
21.36347913947775 6.772938828654964
19.30233518887911 9.993332189497105
17.24119123828047 12.642787668746365
15.180047287681829 16.337932342960556
13.118903337083188 14.3990422909283
11.057759386484545 15.61843412447692
8.996615435885904 25.469029718082982
6.935471485287263 30.511889577334
4.874327534688623 49.069388563874696
2.813183584089982 55.73408887426111
0.7520396334913415 66.36351174946218
-1.3091043171072994 76.8040167712528
-3.3702482677059398 80.69579125813772
-5.43139221830458 84.44112192323658
-7.4925361689032215 86.99768636599822
-9.553680119501864 86.53936282660283
-11.614824070100504 75.11261654471438
-13.675968020699143 81.2613186876796
-15.737111971297784 82.49679807981155
-17.798255921896423 81.70291408333001
-19.859399872495064 87.24045405878017
-21.92054382309371 84.26682559829422
-23.981687773692347 85.63089853257671
-26.04283172429099 85.52214050720907
-28.10397567488963 86.41217963400473
-30.16511962548827 89.4336023950489
-32.226263576086914 99.45586958949345
-34.28740752668555 91.76925887160742
-36.3485514772842 85.80471146154783
-38.40969542788284 82.36701080030794
-40.47083937848148 73.39121060493137
-42.53198332908012 66.56550829600121
-44.59312727967876 60.33715487037281
-46.654271230277395 54.66369186936917
-48.715415180876036 50.903617166762245
-50.77655913147467 46.53074512197217
-52.83770308207331 40.731004840536656
-54.89884703267195 33.928657870004244
-56.9599909832706 30.907743534324013
-59.02113493386924 25.798530645708627
-61.08227888446788 25.184342242179216
-63.14342283506652 25.252561583270563
-65.20456678566515 22.532782508052733
-67.26571073626381 23.889632923254783
-69.32685468686245 19.48810479100773
-71.38799863746108 17.660180275745574
-73.44914258805973 18.051392493145592
-75.51028653865836 16.037471745572567
-77.57143048925701 11.311947515621439
-79.63257443985565 15.92112133807902
-81.6937183904543 13.53444813013513
-83.75486234105293 15.146191669207136
-85.81600629165156 13.882307118028367
-87.87715024225021 14.040878059233465
-89.93829419284884 15.278648000420048
-91.99943814344749 11.16577487131446
-94.06058209404613 11.759495413071923
-96.12172604464477 10.17949957810415
-98.18286999524341 11.183640359523256
-100.24401394584206 14.834004525559118
-102.3051578964407 13.029059648630486
-104.36630184703935 11.96878561839958
-106.42744579763799 13.418620851081892
-108.48858974823663 15.574319182916003
-110.54973369883527 15.075086247774284
-112.61087764943392 9.90618495544332
-114.67202160003255 10.933025740539932
-116.7331655506312 11.696462615984819
-118.79430950122983 9.308305442138
-120.85545345182847 11.737209642098202
-122.91659740242712 13.527675768514941
-124.97774135302575 12.286181600305005
-127.0388853036244 13.99286091471698
-129.10002925422305 13.473172956030583
-131.1611732048217 10.345069003010169
-133.2223171554203 13.69164766293978
-135.28346110601896 14.681831750424806
-137.34460505661758 14.930571864929629
-139.40574900721626 13.547587148667064
-141.46689295781488 12.142691393880265
-143.52803690841353 10.11065239264699
-145.58918085901215 10.779231699461892
-147.6503248096108 15.350096386685466
-149.71146876020944 12.983010133076279
-151.7726127108081 10.597764172697135
-153.8337566614067 10.842869917796426
-155.89490061200536 14.873146104376534
-157.956044562604 17.219103712252895
-160.01718851320265 13.000811700416136
-162.0783324638013 14.543425418314953
-164.13947641439992 13.566081877378734
-166.20062036499857 16.064662611511007
-168.26176431559722 11.056751045076794
-170.32290826619587 14.024901986794003
-172.3840522167945 13.810623331768596
-174.44519616739314 13.040716426147439
-176.50634011799175 13.719460844858002
-178.56748406859043 10.887045063620526
-180.62862801918905 15.646641572819169
-182.6897719697877 14.970123082923786
-184.75091592038632 14.0059276107991
-186.812059870985 15.325257763453227
-188.87320382158362 17.75523607488517
-190.93434777218226 14.117868383111636
-192.99549172278088 14.05313120820811
-195.05663567337953 15.711940100856355
-197.11777962397818 13.958240269746675
-199.1789235745768 15.96877833966596
-201.24006752517542 16.15238301162266
-203.30121147577407 15.054275195172037
-205.36235542637274 14.4831136006846
-207.42349937697136 16.066636886925302
-209.48464332757 15.915466321355163
-211.54578727816863 18.46814571799071
-213.6069312287673 18.441643069264536
-215.66807517936593 15.622923074184854
-217.72921912996458 12.830478695100432
-219.7903630805632 12.181110322860649
-221.85150703116184 13.074538325508836
-223.9126509817605 18.494995678358485
-225.97379493235914 16.714770567337187
-228.03493888295776 18.675937026729166
-230.0960828335564 18.09677467762009
-232.15722678415503 16.26765902251744
-234.2183707347537 16.505211818062417
-236.27951468535232 15.271981716310105
-238.34065863595097 18.095962729088356
-240.4018025865496 14.932625345792829
-242.46294653714824 17.772155423185428
-244.52409048774692 15.96896300467882
-246.58523443834554 16.518256208482295
-248.64637838894419 15.600680598239938
-250.7075223395428 14.579250920323656
-252.76866629014148 16.91792679350714
-254.8298102407401 20.390778116885038
-256.8909541913387 13.908089179374873
-258.95209814193737 17.549582767805152
-261.013242092536 12.862619969531035
-263.07438604313467 18.019908401628314
-265.13552999373326 16.676413018300188
-267.19667394433196 13.018378771522343
-269.2578178949306 17.69357123053684
-271.3189618455292 17.76180517228385
-273.38010579612785 21.076214861437947
-275.4412497467265 16.206213557032065
-277.50239369732515 16.456449093131216
-279.5635376479238 17.530144548964916
-281.62468159852244 18.3341014030039
-283.6858255491211 15.027516395419521
-285.7469694997197 14.536580032168803
-287.80811345031833 12.165090260441303
-289.86925740091704 19.11917540615142
