# BEGINHEADER
# This file contains data from the SALSA 2m radio telescope.
# DATE=2025-03-12T09:52:0014
# GLON and GLAT given in degrees
# GLON=69.84726028171707
# GLAT=0.1459843628294455
# DATA in two columns below. Col. 1 is velocity relative to LSR [km/s]. Col. 2 is uncalibrated antenna temperature [K].
# ENDHEADER
294.19779143154653 7.186624400630673
292.1366474809479 20.845471614416418
290.07550353034924 15.817799117751875
288.01435957975065 16.60407344185278
285.953215629152 14.739790249747886
283.8920716785533 18.793440024043974
281.8309277279547 13.459749538304196
279.76978377735605 14.180678520538944
277.7086398267574 14.39379939738202
275.64749587615876 12.908761364722437
273.5863519255601 15.21317459264423
271.5252079749615 8.256434284715393
269.4640640243628 10.926802012310759
267.40292007376416 12.469978496954125
265.3417761231656 12.131425046654426
263.2806321725669 12.097738162285543
261.2194882219683 13.340395618771206
259.15834427136963 18.25393699239196
257.097200320771 10.052738145449629
255.03605637017236 12.555399907524837
252.97491241957374 14.422564093102968
250.91376846897506 11.500366751905467
248.85262451837644 8.975023649044624
246.7914805677778 12.887260921420394
244.73033661717915 14.675829391001763
242.6691926665805 11.8649403295843
240.60804871598185 13.16331210069412
238.54690476538323 9.473060481109332
236.48576081478458 13.810550299982985
234.42461686418596 15.041740875752827
232.3634729135873 10.486477312232195
230.30232896298867 12.600653356250236
228.24118501239002 14.81539826978226
226.1800410617914 14.145375304485869
224.11889711119275 12.29007727712067
222.0577531605941 9.256562660462825
219.99660920999546 17.202727980006234
217.93546525939684 11.381348520795026
215.8743213087982 9.401063747679903
213.81317735819954 11.094804381212406
211.7520334076009 11.604573784058545
209.69088945700227 10.689304351397853
207.62974550640362 11.375142561016824
205.56860155580497 14.4200905723515
203.50745760520633 11.789344314501742
201.44631365460768 7.802786768407807
199.38516970400906 9.170828324369682
197.3240257534104 15.201123538029735
195.2628818028118 14.827331486118275
193.2017378522131 11.289037006535567
191.1405939016145 11.451319629272163
189.07944995101585 10.985870723063142
187.01830600041723 11.316688784436753
184.95716204981855 15.02697662390739
182.89601809921993 17.718884537570204
180.83487414862128 10.78276522599007
178.77373019802266 10.271287039116524
176.712586247424 12.238309602724772
174.65144229682537 10.235474461414126
172.59029834622672 10.784822908436459
170.5291543956281 10.088736335935046
168.46801044502945 12.99564372008521
166.4068664944308 13.276995315871092
164.34572254383215 8.675477547753987
162.2845785932335 12.32188293982746
160.22343464263488 15.463607448449094
158.16229069203624 17.480207010604556
156.10114674143762 9.979876675462007
154.04000279083894 10.623367631970693
151.97885884024032 12.76985934446481
149.91771488964167 10.347184719727071
147.85657093904305 10.243472306748986
145.79542698844438 10.339942770027891
143.73428303784576 11.741529432381157
141.6731390872471 13.612543974255559
139.6119951366485 7.193407152949175
137.55085118604984 11.23317106492008
135.4897072354512 10.478790097711265
133.42856328485254 10.537576290161505
131.36741933425392 9.427360383969898
129.30627538365525 12.803364158787756
127.24513143305663 12.665369604510653
125.183987482458 11.674264646160925
123.12284353185935 11.386376190723794
121.06169958126071 9.731234334887835
119.00055563066206 9.616477568205207
116.93941168006343 12.56899918939265
114.8782677294648 15.80907989682076
112.81712377886615 11.290038932478621
110.7559798282675 15.026272993446701
108.69483587766885 10.463106495747349
106.63369192707022 13.390574715761666
104.57254797647157 11.444952148432701
102.51140402587293 10.447694528207354
100.4502600752743 10.158909818079737
98.38911612467564 11.324517741810906
96.327972174077 12.28408856409117
94.26682822347836 9.210952903327513
92.20568427287972 12.668364378229219
90.14454032228109 10.272694168354594
88.08339637168244 7.813510138954108
86.0222524210838 12.837582038636775
83.96110847048516 11.675023255495688
81.89996451988652 11.725024645168812
79.83882056928789 13.412005130784665
77.77767661868924 13.675737830465968
75.71653266809061 12.129836813665547
73.65538871749196 12.029200429372034
71.59424476689331 10.203469334152654
69.53310081629466 12.32808479566613
67.47195686569603 13.951073207521574
65.4108129150974 13.917320717856592
63.34966896449875 9.168065993534878
61.288525013900106 11.981521416912367
59.22738106330147 14.530890378862855
57.16623711270283 8.733570781322856
55.10509316210419 10.137204985704024
53.04394921150555 14.44689013440876
50.98280526090691 13.865047673967679
48.921661310308274 13.547495409088723
46.86051735970963 10.538057534212719
44.79937340911099 16.002454701316548
42.73822945851234 9.415543032058599
40.67708550791371 15.375075823810132
38.61594155731507 16.865297341919536
36.55479760671643 13.6702336176559
34.493653656117786 18.648091813580404
32.432509705519145 15.39178654935917
30.371365754920507 24.509122331822798
28.310221804321863 28.955947437000937
26.24907785372322 31.839559675448502
24.187933903124584 39.956447745808774
22.126789952525943 43.94101443654085
20.065646001927302 63.02190059683049
18.00450205132866 77.16931808441932
15.94335810073002 91.91740895066214
13.882214150131379 111.04929514080271
11.821070199532736 123.15466083582237
9.759926248934097 135.11316403615476
7.6987822983354555 136.27753518567812
5.637638347736814 144.7055042143305
3.5764943971381737 134.32855290545936
1.5153504465395329 125.80350186494383
-0.5457935040591079 114.2447724723441
-2.6069374546577486 91.2799022225671
-4.668081405256389 85.57958348495033
-6.72922535585503 79.19786330591914
-8.790369306453671 68.78645171916206
-10.85151325705231 61.50407155583669
-12.912657207650952 54.366075178737134
-14.973801158249591 53.92138075997667
-17.03494510884823 48.7906174225114
-19.09608905944687 42.98704040274599
-21.157233010045516 45.292517238204844
-23.218376960644157 41.115819115151126
-25.279520911242795 39.98173656014853
-27.340664861841436 34.342539827819984
-29.40180881244008 33.475769290823834
-31.462952763038718 34.58388019999791
-33.524096713637356 26.72488416886719
-35.585240664236004 25.28045124292404
-37.646384614834645 23.335028564855115
-39.707528565433286 23.926503576451772
-41.76867251603192 22.560976023951042
-43.82981646663056 23.77391294563034
-45.8909604172292 24.1055070720358
-47.95210436782784 27.79944295832278
-50.01324831842649 37.88589007560081
-52.074392269025125 35.657441571473974
-54.13553621962377 39.94559258919807
-56.196680170222415 41.0161118825492
-58.257824120821056 42.61626306900658
-60.3189680714197 52.91638859825855
-62.38011202201834 54.248512695530756
-64.44125597261699 61.693247318853864
-66.50239992321562 63.72652070438984
-68.56354387381425 63.714289308706356
-70.6246878244129 65.86415470010036
-72.68583177501154 60.27354624939448
-74.74697572561017 55.794330185849425
-76.80811967620882 46.76194195542768
-78.86926362680745 42.249019257957336
-80.9304075774061 33.88283368177711
-82.99155152800475 27.389760167105788
-85.0526954786034 24.001720230251642
-87.11383942920203 21.585646438465403
-89.17498337980066 23.2983508624609
-91.23612733039931 23.10150870398743
-93.29727128099795 22.257414897507687
-95.3584152315966 17.446786944963023
-97.41955918219523 23.152579495533562
-99.48070313279386 22.43135272330339
-101.5418470833925 22.069835488218242
-103.60299103399115 24.23478022332006
-105.66413498458978 17.989881795444354
-107.72527893518841 16.98492634306757
-109.78642288578706 19.137513574021753
-111.8475668363857 20.61488439477634
-113.90871078698434 16.89837995648901
-115.96985473758298 17.093704727911245
-118.03099868818163 18.6189624555349
-120.09214263878026 15.918204955645331
-122.15328658937891 14.774441503109745
-124.21443053997756 18.047016381823365
-126.27557449057619 16.24624173943545
-128.33671844117484 16.62004348881044
-130.39786239177346 13.4168818436004
-132.4590063423721 14.370624199376993
-134.52015029297073 13.652919096113239
-136.5812942435694 16.017923772230297
-138.64243819416802 15.40684231522387
-140.70358214476667 17.146351973293697
-142.76472609536532 15.693052280965972
-144.82587004596397 15.920134895718842
-146.88701399656262 12.624040333395412
-148.94815794716123 13.791491696784169
-151.00930189775988 14.347558627962966
-153.0704458483585 14.20490915421579
-155.13158979895718 16.212689799565258
-157.1927337495558 14.435059712124481
-159.25387770015445 19.886391035635146
-161.31502165075307 10.690816960896251
-163.37616560135172 11.780052832711284
-165.43730955195036 15.928478894018298
-167.498453502549 15.178921869338355
-169.55959745314763 17.56958315467692
-171.62074140374628 18.886381502671824
-173.68188535434493 14.846817183056373
-175.74302930494358 19.32911611316404
-177.8041732555422 15.39724046649595
-179.86531720614084 18.056515387408083
-181.9264611567395 13.606773445038815
-183.98760510733814 15.135417016298177
-186.0487490579368 17.770566610862225
-188.1098930085354 13.013783113746348
-190.17103695913406 14.266573529295007
-192.23218090973268 21.074547654445084
-194.29332486033135 19.210643924563023
-196.35446881092997 17.849278575002103
-198.41561276152862 16.77757901207356
-200.47675671212724 12.66790274213588
-202.53790066272592 19.47242692840928
-204.59904461332454 16.25909807997117
-206.66018856392319 21.203897440144093
-208.7213325145218 20.936361060110887
-210.78247646512045 19.943610983947945
-212.8436204157191 14.054027178189656
-214.90476436631775 16.3886189092066
-216.96590831691637 15.956807675297767
-219.02705226751502 16.401403381529512
-221.08819621811367 19.140589477191188
-223.1493401687123 18.11773245169236
-225.21048411931096 20.507541168186368
-227.27162806990958 13.178572958126356
-229.33277202050823 15.75643170487909
-231.39391597110685 14.17701155188062
