# BEGINHEADER
# This file contains data from the SALSA 2m radio telescope.
# DATE=2025-03-12T09:58:0035
# GLON and GLAT given in degrees
# GLON=39.79778217071824
# GLAT=0.24134836825657685
# DATA in two columns below. Col. 1 is velocity relative to LSR [km/s]. Col. 2 is uncalibrated antenna temperature [K].
# ENDHEADER
306.3030299645032 6.403969111512146
304.2418860139046 15.530085593957052
302.18074206330596 15.096977211977336
300.11959811270725 14.172948654062482
298.05845416210866 16.22487871799262
295.99731021151 15.595799622039005
293.93616626091136 14.334640798497933
291.8750223103127 12.102170430561472
289.81387835971407 12.535089280225746
287.7527344091155 23.756513637783005
285.69159045851677 29.984802020906283
283.6304465079181 9.297281785890027
281.56930255731953 16.939829473075143
279.5081586067209 13.13202984372512
277.44701465612224 7.210484092580826
275.3858707055236 14.413837811346767
273.32472675492494 11.95516481063408
271.26358280432635 11.952886460012914
269.20243885372764 15.06187445449607
267.14129490312905 11.977327755201934
265.0801509525304 7.080512739198602
263.01900700193175 11.040646974766892
260.9578630513331 8.343820022269153
258.89671910073446 18.728311589361326
256.8355751501358 15.951632408028042
254.7744311995372 8.773157933061329
252.71328724893854 11.232664228045717
250.65214329833992 12.712284757801884
248.59099934774125 13.6966356438957
246.52985539714263 10.167865324603666
244.46871144654398 13.141623451491386
242.40756749594536 10.143879357250427
240.3464235453467 9.633751057063465
238.28527959474806 10.512472194295581
236.2241356441494 11.735605667776989
234.1629916935508 14.182151741501995
232.10184774295215 13.26609282374645
230.0407037923535 15.624085628029635
227.97955984175485 13.25246672933129
225.91841589115623 8.332038738494969
223.85727194055758 9.04612636585893
221.79612798995896 10.77145399301368
219.73498403936028 11.27087499306121
217.67384008876164 9.639407199496892
215.61269613816302 12.372545735983973
213.55155218756437 11.689526658757131
211.49040823696575 10.688099742533423
209.42926428636707 11.13773997039792
207.36812033576845 7.554547927784711
205.3069763851698 11.796283719592457
203.24583243457118 15.993198075895977
201.1846884839725 14.299983345545574
199.1235445333739 11.774120191730622
197.0624005827752 8.467065682101243
195.0012566321766 5.0327125809718405
192.94011268157794 7.485636667529652
190.87896873097932 11.737594060809224
188.81782478038065 12.566791051860404
186.75668082978203 11.473861577936521
184.69553687918338 13.321714974430995
182.63439292858473 10.824309644748565
180.5732489779861 13.565467986505224
178.51210502738743 11.141700423879048
176.45096107678881 10.779681413092426
174.38981712619017 11.932439766338014
172.32867317559155 6.849494602328505
170.2675292249929 13.741596761332689
168.20638527439425 9.573092737376793
166.1452413237956 13.932694117205918
164.08409737319698 12.278098289021491
162.02295342259833 13.376748919274217
159.9618094719997 10.3188292569212
157.90066552140104 8.764240348978028
155.83952157080242 12.397745591752662
153.77837762020377 12.845802976485604
151.71723366960515 9.017849978697592
149.65608971900647 13.795492601103145
147.59494576840785 8.11835825435887
145.5338018178092 9.496737499356058
143.47265786721056 11.264191215215902
141.41151391661194 12.13343123709021
139.35036996601326 12.616863167426187
137.28922601541464 10.668408847705855
135.228082064816 11.828965628496944
133.16693811421737 8.803521475104901
131.1057941636187 13.041224905013772
129.04465021302008 13.139143601268339
126.98350626242144 12.99960811304957
124.9223623118228 13.04862192437088
122.86121836122415 9.69616301476372
120.80007441062551 12.103155127720857
118.73893046002686 14.75219012389157
116.67778650942823 8.81844688400934
114.6166425588296 8.669807630211857
112.55549860823095 9.588879501651723
110.49435465763231 7.3161554199997125
108.43321070703367 11.552324211392792
106.37206675643503 11.891635992620733
104.31092280583638 12.855857271065739
102.24977885523775 11.88768568480667
100.18863490463912 16.49995852802085
98.12749095404047 15.197648761203485
96.06634700344183 10.797469328732493
94.00520305284319 15.612125710560125
91.94405910224455 16.904039305747094
89.8829151516459 23.260435552319365
87.82177120104726 28.03230593919781
85.76062725044862 28.997416448340154
83.69948329984997 35.50749968823538
81.63833934925134 35.938194461618835
79.57719539865269 43.926883546112975
77.51605144805406 42.89630384701796
75.45490749745541 47.35710928750981
73.39376354685677 48.05497226810391
71.33261959625814 53.79804676504215
69.27147564565949 56.98210731213411
67.21033169506086 56.93074547548778
65.14918774446221 63.14533458120031
63.08804379386358 66.48402115686186
61.026899843264935 65.64143982976186
58.965755892666294 66.5508269720505
56.904611942067646 66.23935119196132
54.843467991469005 69.00716753368361
52.78232404087037 62.75639988531479
50.72118009027173 61.07895028624672
48.660036139673096 59.93426533453115
46.598892189074455 64.24413383273676
44.537748238475814 69.87320166082552
42.47660428787717 64.86064862627731
40.41546033727853 74.98556199280178
38.35431638667988 76.30283930592496
36.29317243608125 83.78507131567629
34.23202848548261 92.50020911356619
32.17088453488397 89.17154526730785
30.109740584285326 94.04647623829474
28.048596633686685 85.5386797991933
25.987452683088048 81.82641894011964
23.9263087324894 80.87293488802081
21.86516478189076 77.81101006487333
19.80402083129212 74.9595046565442
17.74287688069348 75.8808567302047
15.681732930094839 75.91461866155193
13.620588979496198 75.88709655914742
11.559445028897558 72.4708398892445
9.498301078298917 81.20812578460587
7.437157127700276 80.6020820749065
5.376013177101635 70.88752114532349
3.314869226502994 61.45014651144902
1.2537252759043536 60.40682128881106
-0.8074186746942873 45.93228330707677
-2.868562625292928 36.49592284713572
-4.929706575891569 26.472202251095304
-6.990850526490209 22.815235749793747
-9.05199447708885 18.888699434891134
-11.11313842768749 22.67159391672911
-13.174282378286133 23.080717995270835
-15.235426328884772 22.460272130346322
-17.296570279483415 25.25513061554312
-19.357714230082056 19.76356545901365
-21.418858180680694 25.475577348857705
-23.480002131279335 28.59976947789606
-25.541146081877976 33.15285879646428
-27.602290032476617 32.45923410017501
-29.663433983075254 39.35979520305539
-31.724577933673896 44.51074425585644
-33.78572188427253 43.03008036890822
-35.846865834871174 43.43894768834413
-37.908009785469815 44.864404345284534
-39.96915373606846 43.095188664462356
-42.030297686667105 35.035882692529626
-44.091441637265746 40.68760336311842
-46.15258558786439 40.17926701145345
-48.21372953846302 38.16814685068396
-50.27487348906167 38.29438629794367
-52.33601743966031 40.71573772351886
-54.39716139025895 43.48455483991495
-56.45830534085759 41.73220956723311
-58.51944929145623 35.882101978469024
-60.580593242054874 30.668726510522582
-62.641737192653515 27.00758619203846
-64.70288114325216 24.151287535339304
-66.76402509385079 22.65866240098917
-68.82516904444944 21.27759348778684
-70.88631299504809 17.71109918551503
-72.94745694564672 13.676222511023395
-75.00860089624537 18.936129247437457
-77.069744846844 17.065961766747677
-79.13088879744264 14.515978928305467
-81.19203274804129 10.287167729696645
-83.25317669863992 14.035759147843438
-85.31432064923857 14.9574136246689
-87.3754645998372 11.295673852125695
-89.43660855043585 13.77312827049971
-91.49775250103448 13.425230447113059
-93.55889645163312 10.203387381955455
-95.62004040223177 10.535393612462364
-97.6811843528304 13.44680215549613
-99.74232830342905 12.079457671620474
-101.80347225402768 9.728009527038903
-103.86461620462633 16.469491738703
-105.92576015522498 11.447089007102086
-107.98690410582361 10.418946972933202
-110.04804805642226 11.71577414158112
-112.1091920070209 12.182745126536705
-114.17033595761954 12.870059914632305
-116.23147990821818 16.13808195727784
-118.29262385881682 16.3818089881317
-120.35376780941546 11.273668484938614
-122.41491176001409 16.42868846021974
-124.47605571061274 17.82655568617286
-126.53719966121137 10.797804141883978
-128.59834361181004 11.09559515522799
-130.65948756240866 15.075170748196179
-132.7206315130073 14.682399326960514
-134.78177546360595 15.449807007992346
-136.84291941420457 15.806623251560334
-138.90406336480322 16.50695032993405
-140.96520731540187 19.35616922287829
-143.02635126600052 17.70571852605118
-145.08749521659914 15.170821142533574
-147.14863916719779 18.880721934345193
-149.2097831177964 17.366452566303057
-151.27092706839508 20.111317743430202
-153.3320710189937 13.073148355703864
-155.39321496959235 12.5934860840491
-157.45435892019097 13.892321844553466
-159.51550287078965 14.181031547347855
-161.57664682138827 18.354786171754704
-163.63779077198691 12.15640689474666
-165.69893472258556 18.752295417042514
-167.76007867318418 14.122263610720678
-169.82122262378286 17.82377897102391
-171.88236657438148 20.387494773330413
-173.94351052498013 17.283065846344318
-176.00465447557875 15.0058707039403
-178.0657984261774 16.524252819685906
-180.12694237677604 17.944719123457773
-182.1880863273747 17.27324363280758
-184.2492302779733 21.72792404021407
-186.31037422857196 19.748939893195818
-188.37151817917058 18.3985474350926
-190.43266212976926 15.216512017717536
-192.49380608036788 15.970679108008424
-194.55495003096652 16.29305469304657
-196.61609398156514 19.479587835615995
-198.6772379321638 15.711588958641606
-200.7383818827624 17.505335273486025
-202.79952583336106 18.042157841333992
-204.8606697839597 17.169019064600757
-206.92181373455836 16.610716022789017
-208.982957685157 21.742687917202797
-211.04410163575562 22.0252718395291
-213.10524558635427 23.947425539442175
-215.16638953695292 17.15473797561851
-217.22753348755157 16.520316308889168
-219.2886774381502 15.703466794153032
