188.14	911.00
188.61	885.00
189.09	896.00
189.56	883.00
190.03	891.00
190.50	933.00
190.98	872.00
191.45	885.00
191.92	919.00
192.39	899.00
192.87	905.00
193.34	908.00
193.81	915.00
194.28	914.00
194.76	878.00
195.23	874.00
195.70	924.00
196.17	887.00
196.64	913.00
197.12	913.00
197.59	906.00
198.06	886.00
198.53	887.00
199.00	906.00
199.48	913.00
199.95	893.00
200.42	902.00
200.89	922.00
201.36	882.00
201.84	876.00
202.31	904.00
202.78	914.00
203.25	920.00
203.72	896.00
204.20	906.00
204.67	926.00
205.14	867.00
205.61	872.00
206.08	927.00
206.56	878.00
207.03	891.00
207.50	927.00
207.97	910.00
208.44	906.00
208.91	915.00
209.39	902.00
209.86	925.00
210.33	894.00
210.80	894.00
211.27	919.00
211.74	885.00
212.21	881.00
212.69	892.00
213.16	883.00
213.63	906.00
214.10	905.00
214.57	910.00
215.04	910.00
215.51	887.00
215.99	920.00
216.46	904.00
216.93	875.00
217.40	893.00
217.87	902.00
218.34	888.00
218.81	907.00
219.28	884.00
219.76	873.00
220.23	922.00
220.70	886.00
221.17	889.00
221.64	915.00
222.11	897.00
222.58	900.00
223.05	908.00
223.52	922.00
223.99	908.00
224.47	912.00
224.94	882.00
225.41	931.00
225.88	877.00
226.35	904.00
226.82	919.00
227.29	902.00
227.76	900.00
228.23	909.00
228.70	902.00
229.17	918.00
229.64	894.00
230.11	904.00
230.58	917.00
231.06	902.00
231.53	877.00
232.00	920.00
232.47	907.00
232.94	901.00
233.41	900.00
233.88	892.00
234.35	899.00
234.82	888.00
235.29	899.00
235.76	925.00
236.23	918.00
236.70	882.00
237.17	911.00
237.64	913.00
238.11	888.00
238.58	885.00
239.05	908.00
239.52	922.00
239.99	881.00
240.46	892.00
240.93	929.00
241.40	887.00
241.87	868.00
242.34	909.00
242.81	886.00
243.28	884.00
243.75	883.00
244.22	906.00
244.69	925.00
245.16	880.00
245.63	894.00
246.10	927.00
246.57	915.00
247.04	877.00
247.51	916.00
247.98	918.00
248.45	897.00
248.92	913.00
249.39	904.00
249.86	915.00
250.33	878.00
250.80	882.00
251.27	916.00
251.74	904.00
252.21	900.00
252.68	910.00
253.15	888.00
253.62	915.00
254.09	886.00
254.56	914.00
255.03	918.00
255.50	897.00
255.96	890.00
256.43	907.00
256.90	881.00
257.37	894.00
257.84	907.00
258.31	908.00
258.78	900.00
259.25	901.00
259.72	934.00
260.19	916.00
260.66	869.00
261.13	894.00
261.60	913.00
262.07	898.00
262.53	892.00
263.00	920.00
263.47	921.00
263.94	921.00
264.41	879.00
264.88	894.00
265.35	934.00
265.82	908.00
266.29	884.00
266.75	918.00
267.22	885.00
267.69	893.00
268.16	895.00
268.63	926.00
269.10	913.00
269.57	888.00
270.04	877.00
270.51	923.00
270.97	897.00
271.44	886.00
271.91	922.00
272.38	918.00
272.85	881.00
273.32	884.00
273.79	912.00
274.25	947.00
274.72	900.00
275.19	879.00
275.66	939.00
276.13	899.00
276.60	888.00
277.06	895.00
277.53	913.00
278.00	920.00
278.47	900.00
278.94	897.00
279.41	921.00
279.87	875.00
280.34	899.00
280.81	938.00
281.28	868.00
281.75	908.00
282.22	907.00
282.68	902.00
283.15	899.00
283.62	888.00
284.09	897.00
284.56	931.00
285.02	877.00
285.49	893.00
285.96	915.00
286.43	911.00
286.90	901.00
287.36	913.00
287.83	904.00
288.30	900.00
288.77	871.00
289.23	902.00
289.70	907.00
290.17	875.00
290.64	904.00
291.11	925.00
291.57	890.00
292.04	902.00
292.51	893.00
292.98	913.00
293.44	899.00
293.91	899.00
294.38	914.00
294.85	929.00
295.31	875.00
295.78	899.00
296.25	919.00
296.72	912.00
297.18	897.00
297.65	920.00
298.12	903.00
298.59	886.00
299.05	890.00
299.52	890.00
299.99	934.00
300.45	882.00
300.92	889.00
301.39	924.00
301.86	891.00
302.32	907.00
302.79	898.00
303.26	917.00
303.72	915.00
304.19	904.00
304.66	903.00
305.13	937.00
305.59	890.00
306.06	890.00
306.53	927.00
306.99	901.00
307.46	908.00
307.93	895.00
308.39	898.00
308.86	902.00
309.33	909.00
309.79	887.00
310.26	913.00
310.73	868.00
311.19	892.00
311.66	929.00
312.13	888.00
312.59	870.00
313.06	922.00
313.53	906.00
313.99	910.00
314.46	895.00
314.93	920.00
315.39	920.00
315.86	918.00
316.33	877.00
316.79	918.00
317.26	927.00
317.73	911.00
318.19	890.00
318.66	909.00
319.13	924.00
319.59	888.00
320.06	896.00
320.52	930.00
320.99	909.00
321.46	904.00
321.92	925.00
322.39	901.00
322.86	907.00
323.32	882.00
323.79	898.00
324.25	921.00
324.72	901.00
325.19	893.00
325.65	943.00
326.12	925.00
326.58	902.00
327.05	908.00
327.52	903.00
327.98	906.00
328.45	888.00
328.91	922.00
329.38	919.00
329.84	900.00
330.31	904.00
330.78	934.00
331.24	897.00
331.71	893.00
332.17	929.00
332.64	899.00
333.10	910.00
333.57	890.00
334.04	887.00
334.50	933.00
334.97	879.00
335.43	874.00
335.90	908.00
336.36	878.00
336.83	914.00
337.29	917.00
337.76	902.00
338.22	912.00
338.69	871.00
339.15	893.00
339.62	900.00
340.09	901.00
340.55	878.00
341.02	918.00
341.48	896.00
341.95	897.00
342.41	906.00
342.88	894.00
343.34	911.00
343.81	869.00
344.27	917.00
344.74	924.00
345.20	893.00
345.67	878.00
346.13	918.00
346.60	898.00
347.06	937.00
347.53	916.00
347.99	898.00
348.46	910.00
348.92	884.00
349.39	910.00
349.85	942.00
350.32	912.00
350.78	910.00
351.24	921.00
351.71	894.00
352.17	914.00
352.64	904.00
353.10	911.00
353.57	906.00
354.03	874.00
354.50	895.00
354.96	958.00
355.43	915.00
355.89	874.00
356.36	901.00
356.82	899.00
357.28	881.00
357.75	890.00
358.21	906.00
358.68	924.00
359.14	891.00
359.61	898.00
360.07	921.00
360.53	892.00
361.00	885.00
361.46	940.00
361.93	884.00
362.39	919.00
362.85	899.00
363.32	903.00
363.78	923.00
364.25	909.00
364.71	903.00
365.18	934.00
365.64	916.00
366.10	878.00
366.57	920.00
367.03	906.00
367.49	926.00
367.96	861.00
368.42	899.00
368.89	916.00
369.35	902.00
369.81	892.00
370.28	925.00
370.74	906.00
371.20	870.00
371.67	910.00
372.13	900.00
372.60	930.00
373.06	870.00
373.52	901.00
373.99	922.00
374.45	891.00
374.91	902.00
375.38	909.00
375.84	898.00
376.30	884.00
376.77	915.00
377.23	919.00
377.69	907.00
378.16	898.00
378.62	904.00
379.08	936.00
379.55	906.00
380.01	900.00
380.47	919.00
380.94	915.00
381.40	908.00
381.86	907.00
382.33	903.00
382.79	909.00
383.25	887.00
383.72	914.00
384.18	925.00
384.64	879.00
385.10	914.00
385.57	931.00
386.03	899.00
386.49	915.00
386.96	894.00
387.42	917.00
387.88	932.00
388.34	910.00
388.81	869.00
389.27	927.00
389.73	907.00
390.20	889.00
390.66	916.00
391.12	906.00
391.58	916.00
392.05	883.00
392.51	893.00
392.97	928.00
393.43	893.00
393.90	909.00
394.36	936.00
394.82	888.00
395.28	887.00
395.75	878.00
396.21	899.00
396.67	902.00
397.13	886.00
397.60	920.00
398.06	920.00
398.52	883.00
398.98	898.00
399.44	921.00
399.91	899.00
400.37	866.00
400.83	905.00
401.29	898.00
401.76	928.00
402.22	893.00
402.68	907.00
403.14	917.00
403.60	886.00
404.07	879.00
404.53	942.00
404.99	899.00
405.45	905.00
405.91	900.00
406.38	919.00
406.84	910.00
407.30	898.00
407.76	914.00
408.22	931.00
408.68	893.00
409.15	898.00
409.61	893.00
410.07	912.00
410.53	885.00
410.99	918.00
411.45	923.00
411.92	910.00
412.38	887.00
412.84	900.00
413.30	905.00
413.76	900.00
414.22	900.00
414.69	925.00
415.15	907.00
415.61	923.00
416.07	921.00
416.53	899.00
416.99	917.00
417.45	891.00
417.91	913.00
418.38	914.00
418.84	900.00
419.30	915.00
419.76	916.00
420.22	885.00
420.68	903.00
421.14	898.00
421.60	908.00
422.06	915.00
422.53	906.00
422.99	918.00
423.45	921.00
423.91	907.00
424.37	907.00
424.83	942.00
425.29	887.00
425.75	897.00
426.21	916.00
426.67	923.00
427.13	923.00
427.60	893.00
428.06	921.00
428.52	940.00
428.98	905.00
429.44	917.00
429.90	943.00
430.36	917.00
430.82	900.00
431.28	898.00
431.74	902.00
432.20	940.00
432.66	891.00
433.12	889.00
433.58	937.00
434.04	901.00
434.50	894.00
434.96	908.00
435.42	906.00
435.89	918.00
436.35	885.00
436.81	894.00
437.27	928.00
437.73	903.00
438.19	915.00
438.65	918.00
439.11	902.00
439.57	881.00
440.03	923.00
440.49	917.00
440.95	928.00
441.41	899.00
441.87	905.00
442.33	934.00
442.79	909.00
443.25	894.00
443.71	920.00
444.17	902.00
444.63	904.00
445.09	915.00
445.55	920.00
446.01	912.00
446.47	882.00
446.93	918.00
447.39	952.00
447.84	883.00
448.30	887.00
448.76	913.00
449.22	900.00
449.68	905.00
450.14	900.00
450.60	925.00
451.06	937.00
451.52	878.00
451.98	907.00
452.44	917.00
452.90	886.00
453.36	890.00
453.82	932.00
454.28	894.00
454.74	917.00
455.20	924.00
455.66	909.00
456.12	933.00
456.57	900.00
457.03	916.00
457.49	951.00
457.95	900.00
458.41	899.00
458.87	949.00
459.33	905.00
459.79	915.00
460.25	917.00
460.71	920.00
461.17	953.00
461.62	896.00
462.08	893.00
462.54	939.00
463.00	912.00
463.46	887.00
463.92	940.00
464.38	905.00
464.84	924.00
465.29	918.00
465.75	908.00
466.21	921.00
466.67	897.00
467.13	898.00
467.59	941.00
468.05	909.00
468.51	905.00
468.96	920.00
469.42	920.00
469.88	926.00
470.34	904.00
470.80	903.00
471.26	924.00
471.71	890.00
472.17	909.00
472.63	939.00
473.09	902.00
473.55	906.00
474.01	915.00
474.46	931.00
474.92	914.00
475.38	891.00
475.84	899.00
476.30	942.00
476.76	890.00
477.21	923.00
477.67	928.00
478.13	891.00
478.59	915.00
479.05	917.00
479.50	906.00
479.96	924.00
480.42	934.00
480.88	919.00
481.34	924.00
481.79	884.00
482.25	905.00
482.71	945.00
483.17	915.00
483.62	905.00
484.08	934.00
484.54	938.00
485.00	930.00
485.46	925.00
485.91	916.00
486.37	946.00
486.83	912.00
487.29	890.00
487.74	946.00
488.20	906.00
488.66	910.00
489.12	904.00
489.57	907.00
490.03	937.00
490.49	925.00
490.95	908.00
491.40	918.00
491.86	902.00
492.32	906.00
492.77	932.00
493.23	923.00
493.69	916.00
494.15	920.00
494.60	904.00
495.06	924.00
495.52	891.00
495.97	914.00
496.43	950.00
496.89	905.00
497.35	913.00
497.80	931.00
498.26	914.00
498.72	928.00
499.17	921.00
499.63	924.00
500.09	930.00
500.54	916.00
501.00	922.00
501.46	942.00
501.91	905.00
502.37	921.00
502.83	955.00
503.28	911.00
503.74	918.00
504.20	899.00
504.65	906.00
505.11	965.00
505.57	883.00
506.02	915.00
506.48	956.00
506.94	923.00
507.39	915.00
507.85	934.00
508.31	940.00
508.76	933.00
509.22	935.00
509.68	923.00
510.13	943.00
510.59	887.00
511.04	915.00
511.50	951.00
511.96	927.00
512.41	942.00
512.87	931.00
513.33	950.00
513.78	945.00
514.24	916.00
514.69	951.00
515.15	940.00
515.61	902.00
516.06	921.00
516.52	946.00
516.97	933.00
517.43	934.00
517.89	949.00
518.34	947.00
518.80	934.00
519.25	914.00
519.71	914.00
520.16	955.00
520.62	907.00
521.08	923.00
521.53	954.00
521.99	927.00
522.44	943.00
522.90	946.00
523.35	955.00
523.81	958.00
524.27	941.00
524.72	954.00
525.18	994.00
525.63	974.00
526.09	969.00
526.54	993.00
527.00	1000.00
527.45	1022.00
527.91	1031.00
528.36	1086.00
528.82	1160.00
529.27	1131.00
529.73	1221.00
530.18	1269.00
530.64	1270.00
531.10	1345.00
531.55	1489.00
532.01	1489.00
532.46	1583.00
532.92	1661.00
533.37	1821.00
533.83	1917.00
534.28	1979.00
534.74	2122.00
535.19	2249.00
535.65	2396.00
536.10	2534.00
536.55	2669.00
537.01	2823.00
537.46	3020.00
537.92	3174.00
538.37	3338.00
538.83	3558.00
539.28	3624.00
539.74	3770.00
540.19	3969.00
540.65	4140.00
541.10	4356.00
541.56	4492.00
542.01	4585.00
542.47	4806.00
542.92	4892.00
543.37	5072.00
543.83	5294.00
544.28	5392.00
544.74	5518.00
545.19	5821.00
545.65	5845.00
546.10	5958.00
546.55	6110.00
547.01	6211.00
547.46	6355.00
547.92	6424.00
548.37	6517.00
548.83	6743.00
549.28	6906.00
549.73	6915.00
550.19	7126.00
550.64	7167.00
551.10	7202.00
551.55	7423.00
552.00	7464.00
552.46	7582.00
552.91	7725.00
553.37	7758.00
553.82	7933.00
554.27	7943.00
554.73	7986.00
555.18	8049.00
555.64	8171.00
556.09	8307.00
556.54	8320.00
557.00	8508.00
557.45	8519.00
557.90	8493.00
558.36	8608.00
558.81	8812.00
559.26	8895.00
559.72	8875.00
560.17	9057.00
560.63	8969.00
561.08	8922.00
561.53	9124.00
561.99	9193.00
562.44	9189.00
562.89	9239.00
563.35	9246.00
563.80	9305.00
564.25	9296.00
564.71	9464.00
565.16	9620.00
565.61	9530.00
566.06	9588.00
566.52	9659.00
566.97	9828.00
567.42	9622.00
567.88	9604.00
568.33	9798.00
568.78	9802.00
569.24	9801.00
569.69	9878.00
570.14	9867.00
570.60	9950.00
571.05	10041.00
571.50	9908.00
571.95	9981.00
572.41	10140.00
572.86	10009.00
573.31	10165.00
573.77	10156.00
574.22	10156.00
574.67	10120.00
575.12	10198.00
575.58	10180.00
576.03	10374.00
576.48	10505.00
576.93	10271.00
577.39	10328.00
577.84	10300.00
578.29	10325.00
578.74	10341.00
579.20	10470.00
579.65	10470.00
580.10	10401.00
580.55	10540.00
581.01	10433.00
581.46	10523.00
581.91	10516.00
582.36	10690.00
582.81	10572.00
583.27	10565.00
583.72	10518.00
584.17	10710.00
584.62	10549.00
585.08	10544.00
585.53	10701.00
585.98	10761.00
586.43	10845.00
586.88	10790.00
587.34	10813.00
587.79	10747.00
588.24	10800.00
588.69	10865.00
589.14	10948.00
589.59	10825.00
590.05	11008.00
590.50	10871.00
590.95	10928.00
591.40	10974.00
591.85	11070.00
592.31	10972.00
592.76	11045.00
593.21	11094.00
593.66	11158.00
594.11	11214.00
594.56	11030.00
595.01	11211.00
595.47	11132.00
595.92	11098.00
596.37	11182.00
596.82	11134.00
597.27	11282.00
597.72	11205.00
598.17	11272.00
598.63	11302.00
599.08	11314.00
599.53	11243.00
599.98	11335.00
600.43	11318.00
600.88	11337.00
601.33	11457.00
601.78	11438.00
602.24	11585.00
602.69	11471.00
603.14	11471.00
603.59	11534.00
604.04	11577.00
604.49	11629.00
604.94	11594.00
605.39	11641.00
605.84	11632.00
606.29	11653.00
606.75	11640.00
607.20	11820.00
607.65	11784.00
608.10	11810.00
608.55	11789.00
609.00	11884.00
609.45	11808.00
609.90	12004.00
610.35	12045.00
610.80	11984.00
611.25	12032.00
611.70	11914.00
612.15	12115.00
612.60	11784.00
613.05	11950.00
613.50	11961.00
613.96	11906.00
614.41	12078.00
614.86	12045.00
615.31	11850.00
615.76	12161.00
616.21	12113.00
616.66	12056.00
617.11	12148.00
617.56	11943.00
618.01	11898.00
618.46	12118.00
618.91	12165.00
619.36	12078.00
619.81	12201.00
620.26	12094.00
620.71	12173.00
621.16	11975.00
621.61	12075.00
622.06	12108.00
622.51	12067.00
622.96	12086.00
623.41	12109.00
623.86	12134.00
624.31	12020.00
624.76	12110.00
625.21	12100.00
625.66	12162.00
626.11	12001.00
626.56	12105.00
627.01	12140.00
627.46	12117.00
627.91	12175.00
628.36	12163.00
628.80	12147.00
629.25	12101.00
629.70	12149.00
630.15	12196.00
630.60	12091.00
631.05	12145.00
631.50	12139.00
631.95	12251.00
632.40	12086.00
632.85	12247.00
633.30	12107.00
633.75	12050.00
634.20	12235.00
634.65	12202.00
635.10	12152.00
635.54	12160.00
635.99	12141.00
636.44	12134.00
636.89	12217.00
637.34	12080.00
637.79	12102.00
638.24	12124.00
638.69	12063.00
639.14	12116.00
639.59	12045.00
640.04	12249.00
640.48	12061.00
640.93	12174.00
641.38	12100.00
641.83	12225.00
642.28	12126.00
642.73	12052.00
643.18	12128.00
643.63	12245.00
644.07	12132.00
644.52	12244.00
644.97	12003.00
645.42	12232.00
645.87	12235.00
646.32	12177.00
646.77	12042.00
647.21	12251.00
647.66	12298.00
648.11	12168.00
648.56	12217.00
649.01	12234.00
649.46	11972.00
649.90	12255.00
650.35	12312.00
650.80	12212.00
651.25	12104.00
651.70	12255.00
652.15	12194.00
652.59	12053.00
653.04	12166.00
653.49	12242.00
653.94	12305.00
654.39	12212.00
654.83	12207.00
655.28	12212.00
655.73	12289.00
656.18	12133.00
656.63	12110.00
657.07	12271.00
657.52	12351.00
657.97	12296.00
658.42	12319.00
658.86	12460.00
659.31	12311.00
659.76	12148.00
660.21	12250.00
660.66	12149.00
661.10	12195.00
661.55	12242.00
662.00	12242.00
662.45	12350.00
662.89	12340.00
663.34	12411.00
663.79	12308.00
664.24	12294.00
664.68	12292.00
665.13	12274.00
665.58	12206.00
666.03	12297.00
666.47	12271.00
666.92	12263.00
667.37	12145.00
667.81	12151.00
668.26	12202.00
668.71	12227.00
669.16	12200.00
669.60	12139.00
670.05	12210.00
670.50	12117.00
670.94	12202.00
671.39	12133.00
671.84	12204.00
672.29	12167.00
672.73	12100.00
673.18	12059.00
673.63	11899.00
674.07	12069.00
674.52	11984.00
674.97	11992.00
675.41	12057.00
675.86	11939.00
676.31	12092.00
676.75	12019.00
677.20	11868.00
677.65	11923.00
678.09	11827.00
678.54	11966.00
678.99	11993.00
679.43	11717.00
679.88	11819.00
680.33	11831.00
680.77	11783.00
681.22	11708.00
681.67	11770.00
682.11	11771.00
682.56	11652.00
683.01	11561.00
683.45	11754.00
683.90	11571.00
684.34	11521.00
684.79	11581.00
685.24	11593.00
685.68	11450.00
686.13	11552.00
686.57	11602.00
687.02	11605.00
687.47	11343.00
687.91	11382.00
688.36	11379.00
688.81	11400.00
689.25	11294.00
689.70	11279.00
690.14	11329.00
690.59	11265.00
691.03	11188.00
691.48	11293.00
691.93	11252.00
692.37	11271.00
692.82	11239.00
693.26	11106.00
693.71	11188.00
694.15	11150.00
694.60	11140.00
695.05	10934.00
695.49	10997.00
695.94	11091.00
696.38	11006.00
696.83	11001.00
697.27	11011.00
697.72	10937.00
698.16	11152.00
698.61	11065.00
699.06	10937.00
699.50	10875.00
699.95	11025.00
700.39	10915.00
700.84	10989.00
701.28	10844.00
701.73	10872.00
702.17	10879.00
702.62	10866.00
703.06	10798.00
703.51	10529.00
703.95	10822.00
704.40	10700.00
704.84	10834.00
705.29	10843.00
705.73	10692.00
706.18	10841.00
706.62	10693.00
707.07	10523.00
707.51	10591.00
707.96	10752.00
708.40	10514.00
708.85	10729.00
709.29	10714.00
709.74	10643.00
710.18	10658.00
710.62	10698.00
711.07	10602.00
711.51	10729.00
711.96	10551.00
712.40	10434.00
712.85	10626.00
713.29	10486.00
713.74	10441.00
714.18	10553.00
714.63	10409.00
715.07	10396.00
715.51	10436.00
715.96	10492.00
716.40	10471.00
716.85	10263.00
717.29	10261.00
717.74	10433.00
718.18	10290.00
718.62	10257.00
719.07	10223.00
719.51	10181.00
719.96	10157.00
720.40	10264.00
720.84	10218.00
721.29	10133.00
721.73	10172.00
722.18	9997.00
722.62	9977.00
723.06	10217.00
723.51	10101.00
723.95	9941.00
724.40	10065.00
724.84	9964.00
725.28	9975.00
725.73	10019.00
726.17	10067.00
726.61	9906.00
727.06	10019.00
727.50	10099.00
727.95	10021.00
728.39	9949.00
728.83	9925.00
729.28	9936.00
729.72	10018.00
730.16	9873.00
730.61	9934.00
731.05	9966.00
731.49	9982.00
731.94	9861.00
732.38	10011.00
732.82	9893.00
733.27	10039.00
733.71	9819.00
734.15	9861.00
734.60	9763.00
735.04	9878.00
735.48	9845.00
735.92	9830.00
736.37	9923.00
736.81	9826.00
737.25	9827.00
737.70	9900.00
738.14	9788.00
738.58	9726.00
739.03	9626.00
739.47	9780.00
739.91	9672.00
740.35	9612.00
740.80	9692.00
741.24	9576.00
741.68	9620.00
742.13	9591.00
742.57	9470.00
743.01	9649.00
743.45	9764.00
743.90	9689.00
744.34	9647.00
744.78	9687.00
745.22	9502.00
745.67	9666.00
746.11	9557.00
746.55	9545.00
746.99	9527.00
747.44	9604.00
747.88	9613.00
748.32	9588.00
748.76	9471.00
749.20	9415.00
749.65	9453.00
750.09	9475.00
750.53	9451.00
750.97	9544.00
751.42	9462.00
751.86	9404.00
752.30	9447.00
752.74	9572.00
753.18	9372.00
753.63	9340.00
754.07	9487.00
754.51	9372.00
754.95	9387.00
755.39	9321.00
755.84	9341.00
756.28	9367.00
756.72	9303.00
757.16	9291.00
757.60	9421.00
758.04	9174.00
758.49	9211.00
758.93	9348.00
759.37	9060.00
759.81	9247.00
760.25	9195.00
760.69	9188.00
761.14	9044.00
761.58	9123.00
762.02	9145.00
762.46	9009.00
762.90	8918.00
763.34	8978.00
763.78	9039.00
764.23	8992.00
764.67	8888.00
765.11	8760.00
765.55	8944.00
765.99	8848.00
766.43	8807.00
766.87	8854.00
767.31	8838.00
767.75	8797.00
768.20	8650.00
768.64	8691.00
769.08	8864.00
769.52	8676.00
769.96	8698.00
770.40	8673.00
770.84	8502.00
771.28	8514.00
771.72	8417.00
772.16	8437.00
772.60	8415.00
773.05	8477.00
773.49	8492.00
773.93	8466.00
774.37	8299.00
774.81	8444.00
775.25	8281.00
775.69	8216.00
776.13	8213.00
776.57	8302.00
777.01	8348.00
777.45	8186.00
777.89	8117.00
778.33	8149.00
778.77	8159.00
779.21	8041.00
779.65	8175.00
780.09	8023.00
780.53	7907.00
780.97	7977.00
781.41	8046.00
781.86	8040.00
782.30	7898.00
782.74	7781.00
783.18	7881.00
783.62	7812.00
784.06	7732.00
784.50	7882.00
784.94	7775.00
785.38	7707.00
785.82	7710.00
786.26	7622.00
786.70	7817.00
787.14	7642.00
787.58	7730.00
788.01	7705.00
788.45	7550.00
788.89	7637.00
789.33	7574.00
789.77	7570.00
790.21	7591.00
790.65	7481.00
791.09	7459.00
791.53	7487.00
791.97	7489.00
792.41	7501.00
792.85	7433.00
793.29	7361.00
793.73	7413.00
794.17	7373.00
794.61	7327.00
795.05	7412.00
795.49	7290.00
795.93	7289.00
796.37	7435.00
796.81	7458.00
797.24	7238.00
797.68	7254.00
798.12	7292.00
798.56	7241.00
799.00	7105.00
799.44	7118.00
799.88	7109.00
800.32	7109.00
800.76	7068.00
801.20	7078.00
801.64	7105.00
802.07	7111.00
802.51	7047.00
802.95	7107.00
803.39	6961.00
803.83	6852.00
804.27	7053.00
804.71	6950.00
805.15	6917.00
805.58	6827.00
806.02	6860.00
806.46	6818.00
806.90	6922.00
807.34	6888.00
807.78	6861.00
808.22	7018.00
808.65	6810.00
809.09	6798.00
809.53	6665.00
809.97	6725.00
810.41	6794.00
810.85	6705.00
811.28	6624.00
811.72	6692.00
812.16	6614.00
812.60	6635.00
813.04	6647.00
813.48	6624.00
813.91	6666.00
814.35	6577.00
814.79	6441.00
815.23	6450.00
815.67	6501.00
816.10	6531.00
816.54	6537.00
816.98	6547.00
817.42	6462.00
817.86	6538.00
818.29	6397.00
818.73	6422.00
819.17	6388.00
819.61	6384.00
820.04	6351.00
820.48	6357.00
820.92	6261.00
821.36	6309.00
821.80	6330.00
822.23	6378.00
822.67	6340.00
823.11	6300.00
823.55	6198.00
823.98	6287.00
824.42	6211.00
824.86	6273.00
825.30	6260.00
825.73	6130.00
826.17	6223.00
826.61	6159.00
827.05	6180.00
827.48	6060.00
827.92	6086.00
828.36	6182.00
828.79	6103.00
829.23	5979.00
829.67	6052.00
830.11	5965.00
830.54	6071.00
830.98	6053.00
831.42	6083.00
831.85	5977.00
832.29	5942.00
832.73	5898.00
833.16	5943.00
833.60	6014.00
834.04	5922.00
834.47	5919.00
834.91	5917.00
835.35	5877.00
835.78	5807.00
836.22	5899.00
836.66	5855.00
837.09	5893.00
837.53	5861.00
837.97	5857.00
838.40	5865.00
838.84	5838.00
839.28	5755.00
839.71	5729.00
840.15	5693.00
840.59	5823.00
841.02	5731.00
841.46	5679.00
841.90	5646.00
842.33	5717.00
842.77	5692.00
843.20	5650.00
843.64	5483.00
844.08	5583.00
844.51	5648.00
844.95	5553.00
845.39	5486.00
845.82	5463.00
846.26	5484.00
846.69	5515.00
847.13	5492.00
847.57	5526.00
848.00	5455.00
848.44	5419.00
848.87	5397.00
849.31	5476.00
849.74	5401.00
850.18	5357.00
850.62	5291.00
851.05	5358.00
851.49	5417.00
851.92	5285.00
852.36	5290.00
852.79	5351.00
853.23	5177.00
853.67	5305.00
854.10	5283.00
854.54	5265.00
854.97	5227.00
855.41	5117.00
855.84	5177.00
856.28	5239.00
856.71	5074.00
857.15	5143.00
857.58	5107.00
858.02	5071.00
858.45	5047.00
858.89	5041.00
859.33	5037.00
859.76	5034.00
860.20	4974.00
860.63	4965.00
861.07	5001.00
861.50	4896.00
861.94	4945.00
862.37	4977.00
862.81	4907.00
863.24	4909.00
863.68	4839.00
864.11	4809.00
864.55	4837.00
864.98	4699.00
865.41	4798.00
865.85	4729.00
866.28	4710.00
866.72	4651.00
867.15	4685.00
867.59	4655.00
868.02	4597.00
868.46	4643.00
868.89	4603.00
869.33	4599.00
869.76	4515.00
870.20	4536.00
870.63	4497.00
871.06	4494.00
871.50	4447.00
871.93	4393.00
872.37	4394.00
872.80	4381.00
873.24	4385.00
873.67	4301.00
874.10	4306.00
874.54	4267.00
874.97	4245.00
875.41	4240.00
875.84	4217.00
876.27	4212.00
876.71	4248.00
877.14	4147.00
877.58	4113.00
878.01	4105.00
878.44	4111.00
878.88	4127.00
879.31	4039.00
879.75	4101.00
880.18	4077.00
880.61	4052.00
881.05	3990.00
881.48	4058.00
881.91	3988.00
882.35	3947.00
882.78	3915.00
883.22	3990.00
883.65	4009.00
884.08	3852.00
884.52	3908.00
884.95	3949.00
885.38	3933.00
885.82	3899.00
886.25	3921.00
886.68	3895.00
887.12	3811.00
887.55	3844.00
887.98	3767.00
888.42	3826.00
888.85	3763.00
889.28	3725.00
889.72	3750.00
890.15	3709.00
890.58	3741.00
891.01	3646.00
891.45	3688.00
891.88	3692.00
892.31	3619.00
892.75	3544.00
893.18	3591.00
893.61	3563.00
894.05	3511.00
894.48	3589.00
894.91	3554.00
895.34	3533.00
895.78	3458.00
896.21	3495.00
896.64	3504.00
897.07	3402.00
897.51	3420.00
897.94	3437.00
898.37	3426.00
898.80	3360.00
899.24	3364.00
899.67	3333.00
900.10	3309.00
900.53	3305.00
900.97	3333.00
901.40	3309.00
901.83	3310.00
902.26	3245.00
902.70	3268.00
903.13	3277.00
903.56	3180.00
903.99	3207.00
904.42	3150.00
904.86	3199.00
905.29	3102.00
905.72	3098.00
906.15	3149.00
906.58	3066.00
907.02	3057.00
907.45	3138.00
907.88	3058.00
908.31	3015.00
908.74	3057.00
909.18	3021.00
909.61	2943.00
910.04	2984.00
910.47	2966.00
910.90	2999.00
911.33	2900.00
911.77	2886.00
912.20	2921.00
912.63	2881.00
913.06	2858.00
913.49	2919.00
913.92	2818.00
914.36	2842.00
914.79	2833.00
915.22	2801.00
915.65	2724.00
916.08	2775.00
916.51	2771.00
916.94	2745.00
917.38	2757.00
917.81	2683.00
918.24	2678.00
918.67	2700.00
919.10	2653.00
919.53	2617.00
919.96	2642.00
920.39	2586.00
920.82	2592.00
921.26	2570.00
921.69	2586.00
922.12	2513.00
922.55	2535.00
922.98	2501.00
923.41	2482.00
923.84	2427.00
924.27	2423.00
924.70	2388.00
925.13	2429.00
925.56	2331.00
925.99	2336.00
926.42	2363.00
926.86	2340.00
927.29	2294.00
927.72	2259.00
928.15	2305.00
928.58	2279.00
929.01	2218.00
929.44	2260.00
929.87	2197.00
930.30	2151.00
930.73	2161.00
931.16	2140.00
931.59	2178.00
932.02	2141.00
932.45	2139.00
932.88	2118.00
933.31	2118.00
933.74	2005.00
934.17	2032.00
934.60	2041.00
935.03	1946.00
935.46	1916.00
935.89	1944.00
936.32	1878.00
936.75	1793.00
937.18	1801.00
937.61	1773.00
938.04	1775.00
938.47	1706.00
938.90	1711.00
939.33	1721.00
939.76	1662.00
940.19	1658.00
940.62	1613.00
941.05	1624.00
941.48	1582.00
941.91	1593.00
942.34	1608.00
942.77	1627.00
943.20	1567.00
943.63	1540.00
944.06	1585.00
944.49	1557.00
944.91	1529.00
945.34	1584.00
945.77	1585.00
946.20	1596.00
946.63	1575.00
947.06	1609.00
947.49	1619.00
947.92	1598.00
948.35	1577.00
948.78	1662.00
949.21	1612.00
949.64	1603.00
950.06	1621.00
950.49	1621.00
950.92	1629.00
951.35	1606.00
951.78	1626.00
952.21	1672.00
952.64	1627.00
953.07	1652.00
953.50	1674.00
953.92	1661.00
954.35	1649.00
954.78	1626.00
955.21	1653.00
955.64	1674.00
956.07	1617.00
956.50	1650.00
956.92	1655.00
957.35	1593.00
957.78	1631.00
958.21	1642.00
958.64	1656.00
959.07	1623.00
959.50	1652.00
959.92	1652.00
960.35	1678.00
960.78	1638.00
961.21	1671.00
961.64	1630.00
962.06	1597.00
962.49	1611.00
962.92	1647.00
963.35	1603.00
963.78	1588.00
964.20	1607.00
964.63	1597.00
965.06	1617.00
965.49	1576.00
965.92	1555.00
966.34	1623.00
966.77	1556.00
967.20	1537.00
967.63	1604.00
968.06	1567.00
968.48	1534.00
968.91	1599.00
969.34	1613.00
969.77	1608.00
970.19	1557.00
970.62	1536.00
971.05	1613.00
971.48	1539.00
971.90	1483.00
972.33	1563.00
972.76	1566.00
973.19	1533.00
973.61	1522.00
974.04	1539.00
974.47	1536.00
974.90	1480.00
975.32	1497.00
975.75	1508.00
976.18	1503.00
976.60	1520.00
977.03	1510.00
977.46	1509.00
977.89	1468.00
978.31	1488.00
978.74	1470.00
979.17	1499.00
979.59	1449.00
980.02	1449.00
980.45	1495.00
980.87	1458.00
981.30	1429.00
981.73	1445.00
982.15	1460.00
982.58	1440.00
983.01	1446.00
983.43	1438.00
983.86	1432.00
984.29	1398.00
984.71	1396.00
985.14	1451.00
985.57	1387.00
985.99	1418.00
986.42	1393.00
986.85	1397.00
987.27	1412.00
987.70	1355.00
988.13	1353.00
988.55	1416.00
988.98	1348.00
989.40	1321.00
989.83	1360.00
990.26	1333.00
990.68	1310.00
991.11	1345.00
991.54	1370.00
991.96	1372.00
992.39	1296.00
992.81	1337.00
993.24	1354.00
993.67	1353.00
994.09	1287.00
994.52	1347.00
994.94	1324.00
995.37	1307.00
995.79	1306.00
996.22	1327.00
996.65	1348.00
997.07	1292.00
997.50	1325.00
997.92	1359.00
998.35	1300.00
998.77	1289.00
999.20	1348.00
999.63	1334.00
1000.05	1356.00
1000.48	1315.00
1000.90	1362.00
1001.33	1349.00
1001.75	1285.00
1002.18	1329.00
1002.60	1357.00
1003.03	1348.00
1003.45	1288.00
1003.88	1347.00
1004.30	1328.00
1004.73	1337.00
1005.15	1309.00
1005.58	1332.00
1006.00	1330.00
1006.43	1286.00
1006.85	1309.00
1007.28	1321.00
1007.70	1276.00
1008.13	1275.00
1008.55	1276.00
1008.98	1287.00
1009.40	1272.00
1009.83	1246.00
1010.25	1272.00
1010.68	1288.00
1011.10	1251.00
1011.53	1233.00
1011.95	1255.00
1012.38	1234.00
1012.80	1180.00
1013.23	1261.00
1013.65	1218.00
1014.07	1199.00
1014.50	1217.00
1014.92	1212.00
1015.35	1234.00
1015.77	1185.00
1016.20	1172.00
1016.62	1202.00
1017.05	1219.00
1017.47	1188.00
1017.89	1211.00
1018.32	1176.00
1018.74	1171.00
1019.17	1146.00
1019.59	1165.00
1020.01	1191.00
1020.44	1140.00
1020.86	1128.00
1021.29	1169.00
1021.71	1126.00
1022.13	1110.00
1022.56	1124.00
1022.98	1139.00
1023.41	1147.00
1023.83	1120.00
1024.25	1127.00
1024.68	1125.00
1025.10	1095.00
1025.52	1074.00
1025.95	1143.00
1026.37	1097.00
1026.80	1116.00
1027.22	1107.00
1027.64	1089.00
1028.07	1112.00
1028.49	1097.00
1028.91	1080.00
1029.34	1122.00
1029.76	1078.00
1030.18	1048.00
1030.61	1074.00
1031.03	1081.00
1031.45	1053.00
1031.88	1042.00
1032.30	1094.00
1032.72	1096.00
1033.14	1063.00
1033.57	1042.00
1033.99	1095.00
1034.41	1036.00
1034.84	1033.00
1035.26	1074.00
1035.68	1052.00
1036.11	1053.00
1036.53	1033.00
1036.95	1043.00
1037.37	1052.00
1037.80	1022.00
1038.22	1021.00
1038.64	1063.00
1039.06	1046.00
1039.49	1014.00
1039.91	1045.00
1040.33	1017.00
1040.76	1032.00
1041.18	1006.00
1041.60	1025.00
1042.02	1051.00
1042.45	1028.00
1042.87	989.00
1043.29	1035.00
1043.71	1008.00
1044.13	1016.00
1044.56	1035.00
1044.98	1022.00
1045.40	1004.00
1045.82	981.00
1046.25	1018.00
1046.67	1022.00
1047.09	976.00
1047.51	998.00
1047.93	1025.00
1048.36	1002.00
1048.78	980.00
1049.20	1033.00
1049.62	1032.00
1050.04	1012.00
1050.47	1008.00
1050.89	1001.00
1051.31	1031.00
1051.73	978.00
1052.15	979.00
1052.57	1002.00
1053.00	994.00
1053.42	989.00
1053.84	1000.00
1054.26	1001.00
1054.68	991.00
1055.10	963.00
1055.52	954.00
1055.95	1006.00
1056.37	973.00
1056.79	951.00
1057.21	996.00
1057.63	973.00
1058.05	974.00
1058.47	969.00
1058.90	972.00
1059.32	996.00
1059.74	941.00
1060.16	967.00
1060.58	965.00
1061.00	949.00
1061.42	981.00
1061.84	1000.00
1062.26	938.00
1062.68	958.00
1063.11	958.00
1063.53	975.00
1063.95	966.00
1064.37	937.00
1064.79	955.00
1065.21	995.00
1065.63	966.00
1066.05	942.00
1066.47	976.00
1066.89	968.00
1067.31	943.00
1067.73	927.00
1068.15	942.00
1068.57	951.00
1069.00	933.00
1069.42	941.00
1069.84	963.00
1070.26	933.00
1070.68	918.00
1071.10	933.00
1071.52	957.00
1071.94	933.00
1072.36	934.00
1072.78	911.00
1073.20	941.00
1073.62	914.00
1074.04	909.00
1074.46	956.00
1074.88	923.00
1075.30	911.00
1075.72	921.00
1076.14	923.00
1076.56	933.00
1076.98	917.00
1077.40	919.00
1077.82	930.00
1078.24	927.00
1078.66	895.00
1079.08	953.00
1079.50	917.00
1079.92	907.00
1080.34	931.00
1080.76	940.00
1081.18	939.00
1081.59	899.00
1082.01	888.00
1082.43	924.00
1082.85	903.00
1083.27	891.00
1083.69	929.00
1084.11	916.00
1084.53	901.00
1084.95	909.00
1085.37	921.00
1085.79	892.00
1086.21	902.00
1086.63	924.00
1087.05	925.00
1087.46	894.00
1087.88	894.00
1088.30	922.00
1088.72	900.00
1089.14	897.00
1089.56	885.00
1089.98	899.00
1090.40	899.00
1090.82	890.00
1091.24	896.00
1091.65	940.00
1092.07	884.00
1092.49	898.00
1092.91	941.00
1093.33	913.00
1093.75	902.00
1094.17	904.00
1094.58	902.00
1095.00	911.00
1095.42	897.00
1095.84	921.00
1096.26	925.00
1096.68	869.00
1097.10	884.00
1097.51	911.00
1097.93	888.00
1098.35	893.00
1098.77	901.00
1099.19	877.00
1099.60	905.00
1100.02	867.00
1100.44	869.00
1100.86	904.00
1101.28	882.00
1101.70	909.00
1102.11	927.00
1102.53	898.00
1102.95	894.00
