Freq (Hz)	PSD/Measured Spectrum: Power CH2 (Vrms/rtHz)	Freq Response Module (Vrms)	Freq Response Im part (Unitless Power)
1.000000E+1	1.200383E-2	6.686275E-1	-4.567078E-1
1.011250E+1	1.386274E-2	2.231920E+0	-1.723811E+0
1.022500E+1	1.156235E-2	1.344213E+0	-6.693000E-1
1.033750E+1	1.315214E-2	1.655680E+0	-5.916914E-1
1.045000E+1	1.472676E-2	1.758015E+0	-2.502944E-1
1.056250E+1	1.583451E-2	1.086425E+0	-3.839626E-1
1.067500E+1	1.239977E-2	1.512782E+0	-6.876816E-1
1.078750E+1	1.463030E-2	1.560968E+0	-8.840245E-1
1.090000E+1	1.312880E-2	1.958899E+0	-5.574142E-1
1.101250E+1	1.223605E-2	1.265510E+0	-6.212701E-1
1.112500E+1	1.293877E-2	1.263832E+0	-4.543558E-1
1.123750E+1	2.017482E-2	1.859016E+0	-1.097548E+0
1.135000E+1	1.445765E-2	1.864425E+0	-5.573647E-1
1.146250E+1	1.628938E-2	1.635914E+0	-1.593456E-1
1.157500E+1	1.867743E-2	1.300564E+0	-6.238593E-1
1.168750E+1	1.462112E-2	1.696221E+0	-8.083956E-1
1.180000E+1	1.708434E-2	2.080061E+0	-1.014807E+0
1.191250E+1	1.691474E-2	1.918387E+0	-3.026837E-1
1.202500E+1	1.764097E-2	1.530261E+0	-5.942661E-1
1.213750E+1	1.730779E-2	1.693567E+0	-1.021716E+0
1.225000E+1	1.570880E-2	1.633692E+0	-9.876966E-1
1.236250E+1	1.745666E-2	2.218145E+0	-1.556620E+0
1.247500E+1	2.046815E-2	2.644917E+0	-1.304830E+0
1.258750E+1	2.046842E-2	2.118396E+0	-7.801228E-1
1.270000E+1	1.894960E-2	1.279809E+0	4.460499E-2
1.281250E+1	2.013202E-2	9.651244E-1	-3.799400E-1
1.292500E+1	1.888713E-2	1.188223E+0	-3.328316E-1
1.303750E+1	1.818245E-2	1.570353E+0	-7.378540E-1
1.315000E+1	1.893001E-2	1.549374E+0	-6.441392E-1
1.326250E+1	2.072099E-2	2.149453E+0	-1.153227E+0
1.337500E+1	2.691724E-2	2.625683E+0	-1.059584E+0
1.348750E+1	2.055889E-2	2.257225E+0	-6.684160E-1
1.360000E+1	2.061320E-2	1.972824E+0	-9.662670E-1
1.371250E+1	2.031386E-2	2.256432E+0	-1.015083E+0
1.382500E+1	2.269186E-2	1.772994E+0	-6.728336E-1
1.393750E+1	2.160099E-2	2.245915E+0	-1.717137E+0
1.405000E+1	2.147188E-2	1.359838E+0	-6.711211E-1
1.416250E+1	2.168086E-2	2.102830E+0	-1.635585E+0
1.427500E+1	2.356455E-2	1.823987E+0	-1.244291E+0
1.438750E+1	2.200706E-2	2.164936E+0	-1.678995E+0
1.450000E+1	2.424628E-2	2.240378E+0	-1.477161E+0
1.461250E+1	2.513134E-2	1.825306E+0	-1.222857E+0
1.472500E+1	2.733394E-2	1.790035E+0	-1.042688E+0
1.483750E+1	2.950742E-2	1.177021E+0	-7.416998E-1
1.495000E+1	2.767732E-2	1.766210E+0	-1.449646E+0
1.506250E+1	2.458546E-2	2.123769E+0	-1.084723E+0
1.517500E+1	2.574789E-2	3.332664E+0	-2.775851E+0
1.528750E+1	2.940918E-2	3.777116E+0	-2.115382E+0
1.540000E+1	3.335182E-2	2.407265E+0	-9.838401E-1
1.551250E+1	2.652399E-2	2.834697E+0	-1.293351E+0
1.562500E+1	3.233634E-2	1.720703E+0	-9.858446E-1
1.573750E+1	3.450275E-2	2.187381E+0	-1.601026E+0
1.585000E+1	2.454397E-2	2.130383E+0	-1.293764E+0
1.596250E+1	2.668320E-2	2.122432E+0	-1.612685E+0
1.607500E+1	2.832207E-2	2.713569E+0	-2.356366E+0
1.618750E+1	3.109865E-2	3.130992E+0	-2.196264E+0
1.630000E+1	2.962417E-2	2.987436E+0	-1.851280E+0
1.641250E+1	3.138940E-2	1.655903E+0	-1.277498E+0
1.652500E+1	3.713965E-2	1.954229E+0	-1.547114E+0
1.663750E+1	3.245150E-2	2.247713E+0	-1.870195E+0
1.675000E+1	2.730586E-2	2.529004E+0	-2.266891E+0
1.686250E+1	3.347046E-2	3.509437E+0	-2.636630E+0
1.697500E+1	3.880366E-2	2.326887E+0	-1.581339E+0
1.708750E+1	3.219378E-2	2.355342E+0	-1.891867E+0
1.720000E+1	3.245632E-2	2.740716E+0	-2.216239E+0
1.731250E+1	3.686137E-2	2.304663E+0	-2.068497E+0
1.742500E+1	3.893970E-2	3.608599E+0	-3.042418E+0
1.753750E+1	3.725765E-2	2.465119E+0	-2.203843E+0
1.765000E+1	3.719275E-2	3.672295E+0	-3.398366E+0
1.776250E+1	4.519664E-2	3.060178E+0	-3.026991E+0
1.787500E+1	3.621695E-2	3.441629E+0	-3.385379E+0
1.798750E+1	3.657567E-2	2.434874E+0	-2.424295E+0
1.810000E+1	3.941300E-2	3.344165E+0	-3.292554E+0
1.821250E+1	4.720520E-2	2.855101E+0	-2.841940E+0
1.832500E+1	4.346300E-2	4.197985E+0	-4.056848E+0
1.843750E+1	3.985108E-2	3.208816E+0	-3.161406E+0
1.855000E+1	4.904864E-2	3.628223E+0	-3.539347E+0
1.866250E+1	5.082808E-2	3.264325E+0	-3.253286E+0
1.877500E+1	5.664091E-2	3.250280E+0	-3.192062E+0
1.888750E+1	4.433838E-2	2.894779E+0	-2.778702E+0
1.900000E+1	5.436799E-2	3.795082E+0	-3.778823E+0
1.911250E+1	3.600926E-2	3.251021E+0	-3.241872E+0
1.922500E+1	4.337838E-2	2.845600E+0	-2.839787E+0
1.933750E+1	5.375906E-2	3.589810E+0	-3.427054E+0
1.945000E+1	3.722749E-2	3.424020E+0	-3.395202E+0
1.956250E+1	4.714118E-2	3.192829E+0	-3.167334E+0
1.967500E+1	4.166109E-2	2.668182E+0	-2.426842E+0
1.978750E+1	4.597662E-2	2.603551E+0	-2.366791E+0
1.990000E+1	3.881792E-2	1.863182E+0	-1.629695E+0
2.001250E+1	3.835459E-2	1.318910E+0	-1.297824E+0
2.012500E+1	4.139791E-2	3.185800E+0	-3.125088E+0
2.023750E+1	4.121902E-2	2.961733E+0	-2.893839E+0
2.035000E+1	4.880250E-2	1.963779E+0	-1.744321E+0
2.046250E+1	4.863624E-2	3.277153E+0	-3.015266E+0
2.057500E+1	3.537133E-2	3.403670E+0	-2.909145E+0
2.068750E+1	4.409460E-2	2.366313E+0	-2.015408E+0
2.080000E+1	4.589463E-2	3.249766E+0	-2.759007E+0
2.091250E+1	4.122527E-2	2.945701E+0	-2.756320E+0
2.102500E+1	3.774240E-2	3.223705E+0	-3.183997E+0
2.113750E+1	3.896874E-2	2.660715E+0	-1.957195E+0
2.125000E+1	3.170094E-2	2.942899E+0	-2.179274E+0
2.136250E+1	3.825630E-2	2.797704E+0	-1.422856E+0
2.147500E+1	3.434020E-2	3.288404E+0	-1.496933E+0
2.158750E+1	3.868329E-2	2.266886E+0	-1.311711E+0
2.170000E+1	3.814201E-2	2.085608E+0	-1.042382E+0
2.181250E+1	2.357046E-2	1.085761E+0	-1.008257E+0
2.192500E+1	3.582408E-2	1.929054E+0	-1.899468E+0
2.203750E+1	2.471927E-2	2.360886E+0	-1.789677E+0
2.215000E+1	3.377461E-2	2.666121E+0	-1.617036E+0
2.226250E+1	3.638790E-2	6.948507E-1	-6.715748E-1
2.237500E+1	3.359882E-2	1.372917E+0	-1.310850E+0
2.248750E+1	3.070789E-2	1.751858E+0	-1.242947E+0
2.260000E+1	3.396126E-2	2.531414E+0	-1.857839E+0
2.271250E+1	3.064778E-2	1.585487E+0	-1.195216E+0
2.282500E+1	3.192352E-2	1.975685E+0	-6.573965E-1
2.293750E+1	3.077788E-2	1.422428E+0	-9.536455E-1
2.305000E+1	3.780348E-2	1.807917E+0	-1.204000E+0
2.316250E+1	2.996225E-2	1.546129E+0	-8.644429E-1
2.327500E+1	3.074218E-2	1.546479E+0	-6.303479E-1
2.338750E+1	2.654447E-2	9.181899E-1	-7.294390E-1
2.350000E+1	2.451812E-2	1.482542E+0	-1.271456E+0
2.361250E+1	3.757900E-2	1.329069E+0	-5.543209E-1
2.372500E+1	2.579459E-2	1.988301E+0	-3.545532E-1
2.383750E+1	3.021991E-2	1.401375E+0	-2.081420E-1
2.395000E+1	2.823994E-2	1.028377E+0	2.266510E-1
2.406250E+1	2.809795E-2	1.270277E+0	-3.668780E-1
2.417500E+1	2.864332E-2	1.399359E+0	-8.053403E-1
2.428750E+1	2.717549E-2	1.649967E+0	-1.321016E+0
2.440000E+1	2.403630E-2	1.931712E+0	-1.587199E+0
2.451250E+1	2.376059E-2	1.980710E+0	-1.059558E+0
2.462500E+1	2.551305E-2	2.184657E+0	-1.432739E+0
2.473750E+1	3.392284E-2	1.467371E+0	-5.361564E-1
2.485000E+1	2.522428E-2	1.093506E+0	-1.596662E-1
2.496250E+1	2.692622E-2	7.616987E-1	-4.680408E-1
2.507500E+1	2.889960E-2	3.993824E-1	-1.340726E-1
2.518750E+1	2.405715E-2	1.268446E+0	-9.754387E-1
2.530000E+1	2.729397E-2	1.340029E+0	-8.587272E-1
2.541250E+1	2.742307E-2	1.704939E+0	-5.521172E-1
2.552500E+1	2.359622E-2	9.495387E-1	-2.892102E-1
2.563750E+1	2.422142E-2	1.656501E+0	2.042302E-1
2.575000E+1	2.943440E-2	7.710785E-1	-4.922401E-1
2.586250E+1	2.663618E-2	8.733523E-1	-7.284965E-1
2.597500E+1	2.143900E-2	1.120291E+0	5.147208E-2
2.608750E+1	2.577280E-2	1.439273E+0	-6.484691E-1
2.620000E+1	2.358108E-2	1.338214E+0	-4.623571E-2
2.631250E+1	2.424951E-2	1.087233E+0	5.200443E-1
2.642500E+1	2.181616E-2	1.090392E+0	-4.220470E-1
2.653750E+1	2.409064E-2	8.736293E-1	-1.917157E-1
2.665000E+1	1.954357E-2	5.909365E-1	-3.338236E-1
2.676250E+1	2.618453E-2	1.096544E+0	-7.436261E-1
2.687500E+1	2.107416E-2	1.149523E+0	-3.347038E-1
2.698750E+1	2.366298E-2	9.398147E-1	-1.825791E-1
2.710000E+1	2.439038E-2	9.244463E-1	-1.677204E-1
2.721250E+1	2.236561E-2	1.343779E+0	-5.484778E-1
2.732500E+1	2.235130E-2	9.151284E-1	-2.472557E-1
2.743750E+1	1.989859E-2	8.231981E-1	-1.660810E-1
2.755000E+1	1.984315E-2	8.340396E-1	7.762361E-2
2.766250E+1	2.094772E-2	8.312005E-1	2.515991E-1
2.777500E+1	2.093075E-2	1.312829E+0	-6.606401E-1
2.788750E+1	2.207764E-2	9.521409E-1	-3.492374E-1
2.800000E+1	2.487837E-2	1.129922E+0	-1.334712E-2
2.811250E+1	2.016178E-2	1.150813E+0	-2.989803E-1
2.822500E+1	2.061792E-2	1.248341E+0	-7.252830E-1
2.833750E+1	2.242269E-2	5.489037E-1	8.931116E-2
2.845000E+1	2.109691E-2	5.398622E-1	-2.926567E-1
2.856250E+1	2.052473E-2	9.888214E-1	6.600244E-2
2.867500E+1	2.358848E-2	9.685928E-1	-6.876495E-1
2.878750E+1	2.093370E-2	9.284717E-1	1.619390E-1
2.890000E+1	1.898071E-2	1.034650E+0	-1.253610E-2
2.901250E+1	1.786166E-2	4.638980E-1	-2.681598E-1
2.912500E+1	2.483188E-2	7.852923E-1	1.740467E-1
2.923750E+1	1.913743E-2	5.897374E-1	-4.135035E-1
2.935000E+1	1.790313E-2	1.218086E+0	-6.998032E-1
2.946250E+1	1.858796E-2	6.266015E-1	1.193400E-1
2.957500E+1	2.135911E-2	4.106137E-1	1.509530E-1
2.968750E+1	2.410050E-2	6.746621E-1	-4.761492E-1
2.980000E+1	2.112709E-2	1.072562E+0	-3.981355E-1
2.991250E+1	1.961972E-2	9.025705E-1	-1.992554E-1
3.002500E+1	1.286776E-2	8.908727E-1	-2.621819E-1
3.013750E+1	2.028889E-2	1.147087E+0	1.464027E-2
3.025000E+1	2.317340E-2	8.630690E-1	4.025338E-2
3.036250E+1	1.699530E-2	7.269465E-1	3.021818E-1
3.047500E+1	2.237140E-2	1.091564E+0	-7.515698E-1
3.058750E+1	2.048172E-2	5.497047E-1	4.042466E-2
3.070000E+1	1.774494E-2	6.423996E-1	-4.169159E-1
3.081250E+1	1.538561E-2	1.192724E+0	-8.581717E-2
3.092500E+1	2.090115E-2	8.205504E-1	-1.267546E-1
3.103750E+1	2.130990E-2	5.010987E-1	-3.106995E-1
3.115000E+1	1.848142E-2	7.218148E-1	-4.291861E-1
3.126250E+1	1.868310E-2	4.627895E-1	-1.393951E-2
3.137500E+1	1.797160E-2	7.908130E-1	-2.572679E-1
3.148750E+1	1.670870E-2	5.447348E-1	6.045417E-2
3.160000E+1	1.627531E-2	5.638361E-1	4.024402E-2
3.171250E+1	1.494783E-2	6.472958E-1	-2.138120E-1
3.182500E+1	1.890257E-2	4.382463E-1	1.261062E-1
3.193750E+1	1.595208E-2	5.829280E-1	2.280272E-1
3.205000E+1	1.781167E-2	5.491400E-1	1.531433E-1
3.216250E+1	1.461122E-2	9.416525E-1	-4.767953E-1
3.227500E+1	1.614714E-2	4.510957E-1	-1.129995E-1
3.238750E+1	1.675046E-2	5.111865E-1	-2.167879E-1
3.250000E+1	1.899043E-2	9.257520E-1	2.056189E-2
3.261250E+1	1.755173E-2	6.655910E-1	3.340318E-1
3.272500E+1	1.789009E-2	3.462541E-1	2.275441E-1
3.283750E+1	1.999118E-2	6.514561E-1	-3.390837E-1
3.295000E+1	1.716650E-2	6.401920E-1	-2.235464E-2
3.306250E+1	2.105519E-2	5.679778E-1	7.811917E-2
3.317500E+1	1.466959E-2	4.384954E-1	9.713206E-2
3.328750E+1	1.873882E-2	4.423675E-1	-2.035475E-1
3.340000E+1	1.935922E-2	5.219489E-1	-1.228258E-1
3.351250E+1	1.465923E-2	8.764687E-1	1.919179E-1
3.362500E+1	1.360721E-2	5.769428E-1	-1.057578E-1
3.373750E+1	1.738113E-2	5.492798E-1	1.733538E-1
3.385000E+1	1.807602E-2	1.737799E-1	2.307549E-2
3.396250E+1	1.502344E-2	7.465858E-1	-1.977277E-1
3.407500E+1	1.640749E-2	3.933903E-1	3.925085E-1
3.418750E+1	1.470659E-2	8.441849E-1	-5.366681E-1
3.430000E+1	1.505181E-2	4.432535E-1	-8.171787E-3
3.441250E+1	1.373032E-2	3.926828E-1	-1.407598E-1
3.452500E+1	1.448423E-2	4.485889E-1	-2.078750E-1
3.463750E+1	1.552539E-2	5.561028E-1	2.453341E-1
3.475000E+1	1.378023E-2	3.457624E-1	-2.286630E-2
3.486250E+1	1.093788E-2	4.868594E-1	-1.563690E-1
3.497500E+1	1.176244E-2	8.711834E-1	-2.537393E-1
3.508750E+1	1.446340E-2	4.086041E-1	8.953700E-2
3.520000E+1	1.244478E-2	1.339329E-1	3.744341E-2
3.531250E+1	9.909268E-3	6.019442E-1	1.291063E-1
3.542500E+1	1.199838E-2	5.914203E-1	1.780383E-1
3.553750E+1	1.016394E-2	5.986187E-1	-1.653351E-1
3.565000E+1	9.250263E-3	6.004736E-1	3.077438E-2
3.576250E+1	1.064057E-2	2.399680E-1	1.615262E-2
3.587500E+1	1.001258E-2	5.332174E-1	3.370018E-2
3.598750E+1	9.528909E-3	3.749222E-1	3.194223E-2
3.610000E+1	1.023008E-2	4.741041E-1	-3.541077E-2
3.621250E+1	1.122723E-2	7.910814E-1	7.764251E-2
3.632500E+1	1.194756E-2	5.716793E-1	1.505404E-1
3.643750E+1	9.325870E-3	4.327480E-1	-6.696635E-2
3.655000E+1	7.767668E-3	7.213596E-1	3.027983E-1
3.666250E+1	8.705137E-3	3.361230E-1	1.430849E-2
3.677500E+1	1.021203E-2	4.803984E-1	-8.928915E-3
3.688750E+1	9.498803E-3	5.151637E-1	1.416639E-1
3.700000E+1	7.777752E-3	4.512072E-1	-4.167053E-2
3.711250E+1	8.416545E-3	2.859993E-1	6.134672E-2
3.722500E+1	8.048556E-3	4.373908E-1	4.753553E-2
3.733750E+1	7.286917E-3	5.282136E-1	-4.087062E-2
3.745000E+1	7.620702E-3	1.765225E-1	9.004907E-2
3.756250E+1	9.185403E-3	5.870168E-1	1.841890E-3
3.767500E+1	7.080446E-3	3.350928E-1	1.621227E-1
3.778750E+1	7.203286E-3	3.180383E-1	-8.043487E-2
3.790000E+1	7.051382E-3	4.590164E-1	1.542368E-1
3.801250E+1	6.375874E-3	2.933794E-1	-7.707472E-2
3.812500E+1	6.208124E-3	4.790936E-1	-2.812193E-2
3.823750E+1	6.939346E-3	4.827914E-1	2.519108E-1
3.835000E+1	6.493745E-3	3.541744E-1	-5.097289E-2
3.846250E+1	7.067956E-3	5.036296E-1	2.124639E-2
3.857500E+1	6.897997E-3	3.641140E-1	1.635067E-1
3.868750E+1	6.485916E-3	4.259200E-1	-2.439013E-2
3.880000E+1	5.734935E-3	5.159596E-1	2.216376E-1
3.891250E+1	6.687108E-3	3.938969E-1	-2.114511E-2
3.902500E+1	6.453898E-3	2.939247E-1	4.160467E-2
3.913750E+1	6.104304E-3	3.423293E-1	1.874140E-2
3.925000E+1	6.642308E-3	5.165089E-1	5.546268E-2
3.936250E+1	6.292722E-3	1.658580E-1	5.201824E-2
3.947500E+1	5.506788E-3	3.922032E-1	3.509525E-2
3.958750E+1	5.324148E-3	3.354110E-1	1.781908E-1
3.970000E+1	6.148595E-3	3.843305E-1	-1.202537E-1
3.981250E+1	6.188357E-3	4.389964E-1	6.593915E-2
3.992500E+1	6.243963E-3	2.341785E-1	1.090090E-1
4.003750E+1	4.798440E-3	5.547422E-1	3.182310E-2
4.015000E+1	5.887840E-3	1.794458E-1	1.398689E-3
4.026250E+1	5.775476E-3	4.234884E-1	-8.724374E-2
4.037500E+1	4.723164E-3	1.809507E-1	5.651810E-2
4.048750E+1	5.317575E-3	4.140359E-1	-2.913848E-2
4.060000E+1	3.920246E-3	3.713535E-1	2.343499E-1
4.071250E+1	5.048304E-3	3.199697E-1	-1.933507E-2
4.082500E+1	5.669937E-3	3.976448E-1	2.755562E-1
4.093750E+1	5.596668E-3	3.749830E-1	-1.589642E-1
4.105000E+1	4.171341E-3	4.390277E-1	2.858591E-1
4.116250E+1	4.564412E-3	2.128410E-1	-7.354666E-2
4.127500E+1	4.626094E-3	3.871403E-1	8.070105E-2
4.138750E+1	3.483164E-3	4.128956E-1	-9.322404E-2
4.150000E+1	3.637753E-3	3.294923E-1	1.882052E-1
4.161250E+1	4.639677E-3	3.353262E-1	-1.038842E-1
4.172500E+1	4.138695E-3	1.788727E-1	1.059450E-1
4.183750E+1	4.562134E-3	4.751656E-1	1.318358E-1
4.195000E+1	5.552363E-3	2.422060E-1	4.190808E-2
4.206250E+1	4.127906E-3	3.924386E-1	6.828642E-2
4.217500E+1	3.884703E-3	1.191303E-1	-9.361824E-2
4.228750E+1	4.057297E-3	3.409492E-1	7.943951E-2
4.240000E+1	4.497507E-3	3.055400E-1	-2.263137E-2
4.251250E+1	3.938220E-3	2.569873E-1	1.860797E-1
4.262500E+1	3.922391E-3	3.534387E-1	-7.448707E-2
4.273750E+1	3.992348E-3	2.430115E-1	1.611320E-1
4.285000E+1	4.119262E-3	4.898625E-1	1.630341E-2
4.296250E+1	4.126004E-3	2.164240E-1	8.762777E-2
4.307500E+1	4.373203E-3	4.262004E-1	1.907987E-1
4.318750E+1	3.582370E-3	2.299976E-1	6.840809E-2
4.330000E+1	4.479777E-3	3.427107E-1	1.780403E-1
4.341250E+1	3.640138E-3	2.171608E-1	-9.981511E-2
4.352500E+1	4.996072E-3	2.921155E-1	1.199712E-1
4.363750E+1	3.805205E-3	2.879851E-1	1.289532E-1
4.375000E+1	3.940685E-3	2.662890E-1	6.522653E-2
4.386250E+1	3.537924E-3	2.719580E-1	4.386460E-2
4.397500E+1	3.727431E-3	2.724809E-1	1.784420E-1
4.408750E+1	3.619587E-3	2.397301E-1	-3.507498E-2
4.420000E+1	4.135915E-3	3.012249E-1	1.600407E-1
4.431250E+1	3.564910E-3	3.598984E-1	-3.713902E-2
4.442500E+1	2.760125E-3	1.366902E-1	2.021108E-2
4.453750E+1	3.464539E-3	4.275585E-1	1.844027E-1
4.465000E+1	3.418467E-3	1.228828E-1	-4.395518E-2
4.476250E+1	3.751358E-3	2.480198E-1	5.103675E-2
4.487500E+1	2.395342E-3	2.162871E-1	4.632463E-2
4.498750E+1	3.489718E-3	1.424991E-1	5.917545E-2
4.510000E+1	3.530981E-3	2.247431E-1	8.103846E-3
4.521250E+1	3.979738E-3	2.286348E-1	1.042921E-1
4.532500E+1	2.982354E-3	2.216074E-1	-1.684429E-2
4.543750E+1	3.152514E-3	1.892991E-1	5.055758E-2
4.555000E+1	3.891155E-3	4.073930E-1	2.743358E-2
4.566250E+1	3.460748E-3	1.751707E-1	-3.291624E-2
4.577500E+1	3.230483E-3	1.975049E-1	7.523710E-2
4.588750E+1	3.929201E-3	3.356740E-1	6.573103E-2
4.600000E+1	2.718597E-3	2.033083E-1	-4.149668E-2
4.611250E+1	2.721363E-3	2.654003E-1	2.325839E-1
4.622500E+1	3.031153E-3	2.824191E-1	6.575473E-2
4.633750E+1	2.769256E-3	1.418466E-1	-1.301868E-2
4.645000E+1	3.262729E-3	2.239515E-1	1.521211E-2
4.656250E+1	3.295837E-3	1.489040E-1	2.787106E-2
4.667500E+1	2.575575E-3	2.937568E-1	1.199061E-1
4.678750E+1	3.804791E-3	2.365671E-1	8.706899E-2
4.690000E+1	3.053178E-3	1.987009E-1	1.035123E-2
4.701250E+1	3.188240E-3	2.555363E-1	-3.015695E-3
4.712500E+1	3.491462E-3	1.613525E-1	4.829643E-2
4.723750E+1	3.336460E-3	2.921173E-1	5.409306E-2
4.735000E+1	3.165822E-3	2.007804E-1	1.082288E-1
4.746250E+1	3.069094E-3	2.270816E-1	5.875161E-2
4.757500E+1	3.166969E-3	1.364813E-1	7.628981E-2
4.768750E+1	2.749882E-3	2.489235E-1	6.068603E-2
4.780000E+1	3.918133E-3	2.385702E-1	-5.072669E-2
4.791250E+1	3.442020E-3	2.042959E-1	5.472095E-2
4.802500E+1	3.312859E-3	2.437240E-1	2.199342E-2
4.813750E+1	2.345181E-3	1.932154E-1	1.266913E-1
4.825000E+1	2.721537E-3	1.824260E-1	-5.347846E-2
4.836250E+1	2.652511E-3	7.389303E-2	-1.193130E-2
4.847500E+1	3.571965E-3	3.140075E-1	2.163200E-1
4.858750E+1	2.685754E-3	2.987821E-1	-7.558618E-2
4.870000E+1	2.619106E-3	6.922628E-2	6.920502E-2
4.881250E+1	3.744462E-3	2.140649E-1	8.612362E-2
4.892500E+1	2.754268E-3	1.942740E-1	1.333293E-2
4.903750E+1	3.403907E-3	7.340792E-2	2.064145E-2
4.915000E+1	3.686662E-3	2.686731E-1	1.062109E-1
4.926250E+1	2.260006E-3	2.363067E-1	3.856175E-2
4.937500E+1	3.114888E-3	8.004893E-2	2.936149E-2
4.948750E+1	3.913318E-3	2.378631E-1	1.934211E-1
4.960000E+1	2.745792E-3	2.918503E-1	1.238546E-1
4.971250E+1	3.747346E-3	1.609805E-1	-2.995127E-2
4.982500E+1	3.748126E-3	1.552884E-1	1.312107E-1
4.993750E+1	4.092610E-3	2.491951E-1	-9.322860E-2
5.005000E+1	4.190147E-3	1.688920E-1	7.344542E-2
5.016250E+1	3.315968E-3	1.870088E-1	1.001168E-1
5.027500E+1	3.709273E-3	1.219210E-1	1.205381E-1
5.038750E+1	4.327051E-3	1.381300E-1	9.318682E-2
5.050000E+1	4.660028E-3	2.486734E-1	8.862771E-2
5.061250E+1	4.392988E-3	1.343139E-1	-2.015231E-2
5.072500E+1	4.361894E-3	1.585922E-1	1.279288E-1
5.083750E+1	3.743059E-3	8.035363E-2	3.620614E-2
5.095000E+1	4.499312E-3	1.564364E-1	-4.233459E-3
5.106250E+1	4.570164E-3	3.431045E-1	-7.505276E-3
5.117500E+1	5.404716E-3	1.389043E-1	-1.116138E-1
5.128750E+1	3.615675E-3	1.473907E-1	1.079844E-1
5.140000E+1	5.297268E-3	3.652561E-1	1.470222E-1
5.151250E+1	4.604778E-3	3.071954E-1	-1.614035E-1
5.162500E+1	5.426628E-3	3.760597E-2	-2.130261E-2
5.173750E+1	4.886233E-3	2.014389E-1	1.553188E-1
5.185000E+1	4.533930E-3	2.782886E-1	1.321710E-3
5.196250E+1	5.320438E-3	2.094383E-1	4.894107E-2
5.207500E+1	5.727488E-3	1.609559E-1	3.255038E-2
5.218750E+1	4.817213E-3	2.482062E-1	1.060518E-1
5.230000E+1	5.089791E-3	2.409866E-1	-5.871142E-2
5.241250E+1	3.765708E-3	1.246236E-1	-2.396389E-2
5.252500E+1	4.528448E-3	1.639579E-1	2.503811E-2
5.263750E+1	3.674929E-3	9.148562E-2	5.575289E-2
5.275000E+1	3.163335E-3	1.650273E-1	2.374384E-2
5.286250E+1	3.518247E-3	2.133975E-1	6.817200E-2
5.297500E+1	3.663302E-3	1.795850E-1	1.261536E-1
5.308750E+1	3.330763E-3	1.608052E-1	8.324129E-2
5.320000E+1	3.502615E-3	1.376773E-1	-1.333644E-2
5.331250E+1	3.608134E-3	9.271609E-2	9.263624E-3
5.342500E+1	3.249669E-3	1.310326E-1	8.275604E-2
5.353750E+1	2.989168E-3	2.327743E-1	6.433810E-2
5.365000E+1	3.107994E-3	2.387942E-1	-1.153659E-1
5.376250E+1	3.000000E-3	7.147740E-2	-7.097398E-2
5.387500E+1	2.456620E-3	1.646798E-1	1.627820E-1
5.398750E+1	2.475524E-3	2.074519E-1	1.319664E-1
5.410000E+1	2.535041E-3	1.734488E-1	-7.148176E-2
5.421250E+1	2.318451E-3	1.123357E-1	-3.606538E-2
5.432500E+1	2.921181E-3	1.894288E-1	1.531307E-1
5.443750E+1	2.908894E-3	2.875180E-1	1.070534E-1
5.455000E+1	2.305152E-3	1.792015E-1	-9.793754E-2
5.466250E+1	1.620253E-3	5.803613E-2	-3.566837E-2
5.477500E+1	2.064643E-3	1.217504E-1	4.676905E-2
5.488750E+1	2.256145E-3	2.488549E-1	2.471196E-1
5.500000E+1	2.399766E-3	3.831026E-1	2.605802E-1
