Freq (Hz)	PSD/Measured Spectrum: Power CH2 (Vrms/rtHz)	Freq Response Module (Vrms)	Freq Response Im part (Unitless Power)
5.000000E+0	3.095718E-2	3.106663E+0	3.631178E-1
5.162500E+0	3.359108E-2	2.230671E+0	3.622540E-3
5.325000E+0	3.501870E-2	3.051523E+0	9.489842E-1
5.487500E+0	3.689044E-2	3.559489E+0	2.314248E-1
5.650000E+0	3.323972E-2	3.506391E+0	-9.176305E-1
5.812500E+0	4.720259E-2	3.536648E+0	-1.631869E+0
5.975000E+0	4.784158E-2	3.939779E+0	-2.325493E+0
6.137500E+0	4.493871E-2	3.206839E+0	-1.857373E+0
6.300000E+0	4.331742E-2	5.053990E+0	-3.976109E+0
6.462500E+0	4.745094E-2	4.711156E+0	-3.188618E+0
6.625000E+0	4.727752E-2	4.841114E+0	-4.117828E+0
6.787500E+0	5.312952E-2	5.805099E+0	-5.232493E+0
6.950000E+0	5.610497E-2	5.665510E+0	-4.815599E+0
7.112500E+0	5.097272E-2	5.981990E+0	-5.734154E+0
7.275000E+0	5.204505E-2	5.999963E+0	-5.632388E+0
7.437500E+0	6.488746E-2	5.919030E+0	-5.404159E+0
7.600000E+0	6.403422E-2	6.738249E+0	-6.682858E+0
7.762500E+0	6.129210E-2	6.805500E+0	-6.784577E+0
7.925000E+0	6.514005E-2	6.716805E+0	-6.716805E+0
8.087500E+0	5.673928E-2	6.477395E+0	-6.440771E+0
8.250000E+0	6.445222E-2	6.297394E+0	-6.058421E+0
8.412500E+0	5.708436E-2	5.811822E+0	-5.435278E+0
8.575000E+0	5.511535E-2	6.461416E+0	-5.530863E+0
8.737500E+0	5.859184E-2	5.550058E+0	-4.467311E+0
8.900000E+0	4.963818E-2	4.593985E+0	-4.034602E+0
9.062500E+0	4.799609E-2	5.934520E+0	-4.116052E+0
9.225000E+0	4.530850E-2	4.698346E+0	-3.405136E+0
9.387500E+0	4.978148E-2	4.523624E+0	-2.107234E+0
9.550000E+0	4.874589E-2	5.006014E+0	-3.607465E+0
9.712500E+0	4.300265E-2	3.506776E+0	-2.038604E+0
9.875000E+0	3.491353E-2	3.954250E+0	-1.673490E+0
1.003750E+1	3.900044E-2	3.425676E+0	-2.085462E+0
1.020000E+1	3.441830E-2	2.944983E+0	-1.661170E+0
1.036250E+1	3.230608E-2	2.536985E+0	-1.452464E+0
1.052500E+1	3.177112E-2	2.698206E+0	-1.154433E+0
1.068750E+1	2.730125E-2	2.298998E+0	-8.778020E-1
1.085000E+1	2.980882E-2	2.734454E+0	-1.192110E+0
1.101250E+1	2.674739E-2	2.549025E+0	-1.011105E+0
1.117500E+1	2.119572E-2	2.468995E+0	-6.008089E-1
1.133750E+1	2.150708E-2	2.199370E+0	-7.224678E-1
1.150000E+1	2.272436E-2	2.093588E+0	-3.673324E-1
1.166250E+1	2.338976E-2	1.900195E+0	-1.377701E-2
1.182500E+1	2.057838E-2	1.639445E+0	-1.167167E-1
1.198750E+1	1.850977E-2	1.383343E+0	-4.679882E-1
1.215000E+1	1.908034E-2	1.678183E+0	-3.453913E-1
1.231250E+1	1.592600E-2	1.218668E+0	-3.148283E-1
1.247500E+1	1.581529E-2	1.533825E+0	-3.736515E-1
1.263750E+1	1.768743E-2	1.259522E+0	-6.583797E-1
1.280000E+1	1.839352E-2	1.562758E+0	-5.278862E-2
1.296250E+1	1.608072E-2	1.536267E+0	-6.224930E-1
1.312500E+1	1.622573E-2	1.325641E+0	-3.135395E-1
1.328750E+1	1.581251E-2	1.235420E+0	-2.011902E-1
1.345000E+1	1.784588E-2	1.141007E+0	-2.495279E-1
1.361250E+1	1.521911E-2	1.161483E+0	-1.765379E-1
1.377500E+1	1.452466E-2	1.460381E+0	4.524843E-2
1.393750E+1	1.794373E-2	1.522803E+0	-2.198224E-1
1.410000E+1	1.668979E-2	9.851457E-1	-5.124546E-1
1.426250E+1	1.551457E-2	9.802890E-1	6.324067E-2
1.442500E+1	1.411840E-2	8.594435E-1	-5.399233E-2
1.458750E+1	1.526841E-2	7.865088E-1	-3.627645E-1
1.475000E+1	1.585156E-2	6.156186E-1	-1.226565E-1
1.491250E+1	1.710514E-2	6.996806E-1	-3.582391E-1
1.507500E+1	1.513179E-2	5.893952E-1	-2.608431E-1
1.523750E+1	1.317994E-2	1.072928E+0	-2.396365E-1
1.540000E+1	1.294533E-2	1.199611E+0	-2.798278E-1
1.556250E+1	1.322523E-2	1.082971E+0	-8.224624E-2
1.572500E+1	1.531780E-2	7.469604E-1	2.202509E-1
1.588750E+1	1.315418E-2	4.633592E-1	-2.159325E-2
1.605000E+1	1.291529E-2	5.574472E-1	-1.991061E-1
1.621250E+1	9.026623E-3	5.694883E-1	-2.869239E-1
1.637500E+1	9.562586E-3	8.273032E-1	-3.259452E-1
1.653750E+1	9.998489E-3	8.721004E-1	-9.389277E-2
1.670000E+1	9.992528E-3	7.352221E-1	3.634785E-2
1.686250E+1	1.006318E-2	6.115425E-1	-5.916664E-2
1.702500E+1	1.164561E-2	4.897406E-1	-1.307278E-1
1.718750E+1	8.877701E-3	4.548001E-1	6.723765E-2
1.735000E+1	8.836688E-3	8.374681E-1	-2.574188E-1
1.751250E+1	1.004656E-2	5.868462E-1	-1.895353E-2
1.767500E+1	1.144932E-2	3.992925E-1	-2.393710E-2
1.783750E+1	1.093874E-2	5.150194E-1	1.065839E-1
1.800000E+1	9.202429E-3	3.558098E-1	-1.927149E-1
1.816250E+1	9.153408E-3	5.311998E-1	-1.036040E-1
1.832500E+1	8.893183E-3	5.852431E-1	-6.987555E-2
1.848750E+1	1.063710E-2	5.976126E-1	1.604482E-1
1.865000E+1	1.068427E-2	3.784336E-1	3.139817E-2
1.881250E+1	9.669469E-3	1.710616E-1	7.674905E-3
1.897500E+1	9.796546E-3	4.826185E-1	-2.780041E-1
1.913750E+1	1.008263E-2	5.910604E-1	-3.676826E-1
1.930000E+1	9.871760E-3	8.344738E-1	-5.108839E-2
1.946250E+1	1.109172E-2	3.284302E-1	2.171550E-1
1.962500E+1	1.067484E-2	3.078057E-1	7.928780E-2
1.978750E+1	1.238413E-2	2.065184E-1	-9.649204E-2
1.995000E+1	1.082246E-2	7.112177E-1	-4.568614E-1
2.011250E+1	1.075529E-2	8.344978E-1	-1.412237E-1
2.027500E+1	1.197903E-2	4.397391E-1	1.285626E-1
2.043750E+1	1.193349E-2	3.465451E-1	8.533548E-3
2.060000E+1	1.193455E-2	3.088283E-1	-9.759093E-2
2.076250E+1	1.087442E-2	3.672695E-1	-1.271396E-1
2.092500E+1	1.349496E-2	5.682494E-1	2.319342E-1
2.108750E+1	1.201988E-2	3.200708E-1	4.337842E-2
2.125000E+1	1.214123E-2	1.756414E-1	-3.435263E-2
2.141250E+1	1.278584E-2	2.630882E-1	-1.349426E-1
2.157500E+1	1.162540E-2	5.829064E-1	-3.223162E-1
2.173750E+1	1.548656E-2	2.686323E-1	1.205648E-1
2.190000E+1	1.029722E-2	2.269066E-1	-2.160718E-1
2.206250E+1	1.257809E-2	5.841901E-1	-1.189558E-1
2.222500E+1	1.223738E-2	6.731377E-1	8.340899E-2
2.238750E+1	1.090529E-2	3.771287E-1	3.180403E-1
2.255000E+1	1.186337E-2	3.528101E-1	-1.563676E-1
2.271250E+1	1.194838E-2	4.166234E-1	-3.144448E-1
2.287500E+1	1.153341E-2	5.079520E-1	7.782435E-2
2.303750E+1	1.092573E-2	4.966742E-1	4.125359E-1
2.320000E+1	9.617317E-3	2.972406E-1	-1.262721E-1
2.336250E+1	1.228224E-2	4.775451E-1	-3.335293E-1
2.352500E+1	1.005066E-2	3.850336E-1	1.155226E-1
2.368750E+1	1.114120E-2	2.583706E-1	1.854060E-1
2.385000E+1	8.765228E-3	3.097191E-1	-6.861112E-2
2.401250E+1	8.706120E-3	3.607278E-1	1.821091E-1
2.417500E+1	7.690957E-3	2.160962E-1	-6.033779E-2
2.433750E+1	9.084527E-3	3.646503E-1	-1.901120E-1
2.450000E+1	8.837195E-3	4.369075E-1	7.198122E-2
2.466250E+1	7.721433E-3	1.779652E-1	1.223105E-1
2.482500E+1	6.036644E-3	2.979237E-1	-2.235552E-1
2.498750E+1	7.175750E-3	5.281264E-1	-1.355113E-1
2.515000E+1	7.220234E-3	3.767066E-1	1.592505E-1
2.531250E+1	6.065698E-3	6.567403E-2	4.444854E-2
2.547500E+1	6.823508E-3	4.551692E-1	-2.711856E-1
2.563750E+1	6.585794E-3	4.974291E-1	-2.968173E-2
2.580000E+1	5.704734E-3	3.126747E-1	1.884081E-1
2.596250E+1	5.826142E-3	2.336063E-1	-1.202953E-1
2.612500E+1	4.694656E-3	4.253266E-1	-1.728532E-1
2.628750E+1	5.377931E-3	3.511074E-1	9.197456E-2
2.645000E+1	5.004344E-3	1.167983E-1	1.088747E-1
2.661250E+1	4.370839E-3	2.366808E-1	-9.541304E-2
2.677500E+1	4.704772E-3	2.729383E-1	-1.923629E-2
2.693750E+1	4.295832E-3	2.327424E-1	1.476086E-1
2.710000E+1	3.910309E-3	2.428104E-1	-6.427625E-2
2.726250E+1	4.442364E-3	3.079856E-1	8.780532E-2
2.742500E+1	3.407962E-3	1.741590E-1	6.858414E-2
2.758750E+1	3.281599E-3	1.981618E-1	-8.069612E-2
2.775000E+1	3.599413E-3	3.706137E-1	4.109316E-2
2.791250E+1	3.817684E-3	2.398183E-1	1.330027E-1
2.807500E+1	3.118955E-3	9.984846E-2	-4.899793E-2
2.823750E+1	3.026695E-3	3.715637E-1	-7.508881E-2
2.840000E+1	3.334060E-3	3.327317E-1	1.434819E-1
2.856250E+1	2.610022E-3	1.029316E-1	6.483303E-2
2.872500E+1	3.097433E-3	2.832380E-1	-1.143859E-1
2.888750E+1	2.767207E-3	3.174345E-1	1.538456E-1
2.905000E+1	2.456512E-3	1.690771E-2	8.706545E-3
2.921250E+1	2.762143E-3	3.500213E-1	-1.022673E-1
2.937500E+1	2.714470E-3	3.192724E-1	2.012272E-1
2.953750E+1	2.375561E-3	4.237827E-2	-3.611339E-2
2.970000E+1	2.483154E-3	4.000444E-1	-1.186610E-1
2.986250E+1	2.939000E-3	2.843031E-1	2.193038E-1
3.002500E+1	1.958405E-3	1.057344E-1	-1.056586E-1
3.018750E+1	2.321061E-3	4.058341E-1	6.553217E-3
3.035000E+1	2.310865E-3	1.553068E-1	1.357791E-1
3.051250E+1	1.987613E-3	2.202311E-1	-1.361611E-1
3.067500E+1	2.442012E-3	3.199968E-1	1.558172E-1
3.083750E+1	2.094986E-3	3.944530E-2	1.376833E-2
3.100000E+1	1.942208E-3	2.513274E-1	-3.632265E-2
3.116250E+1	2.165709E-3	2.085732E-1	1.020399E-1
3.132500E+1	2.133246E-3	1.455802E-1	-2.169091E-2
3.148750E+1	1.941659E-3	1.256021E-1	4.168411E-2
3.165000E+1	1.987550E-3	1.523764E-1	-2.779881E-2
3.181250E+1	1.870467E-3	2.125845E-1	1.301624E-1
3.197500E+1	1.688006E-3	5.002323E-2	1.402177E-2
3.213750E+1	1.903334E-3	3.062978E-1	-8.339358E-2
3.230000E+1	1.452612E-3	2.178962E-1	1.944575E-1
3.246250E+1	1.657142E-3	1.458939E-1	-1.403837E-1
3.262500E+1	1.355568E-3	3.237326E-1	8.235871E-2
3.278750E+1	1.751133E-3	1.065193E-1	1.053551E-1
3.295000E+1	1.843794E-3	3.191410E-1	-1.430368E-1
3.311250E+1	1.762736E-3	2.634677E-1	2.227919E-1
3.327500E+1	1.790556E-3	1.710135E-1	-1.608152E-1
3.343750E+1	1.430422E-3	3.294113E-1	1.215438E-1
3.360000E+1	1.586510E-3	9.837627E-2	5.638466E-2
3.376250E+1	1.650438E-3	2.835282E-1	-1.045075E-1
3.392500E+1	1.230454E-3	2.537525E-1	2.262725E-1
3.408750E+1	1.399802E-3	1.551606E-1	-1.362718E-1
3.425000E+1	1.602907E-3	2.876199E-1	1.122258E-1
3.441250E+1	1.400468E-3	2.341331E-2	-2.318913E-2
3.457500E+1	1.271010E-3	2.387725E-1	-4.958890E-2
3.473750E+1	1.387047E-3	1.464601E-1	1.230747E-1
3.490000E+1	1.398545E-3	1.339215E-1	-9.753535E-2
3.506250E+1	1.244073E-3	2.512077E-1	1.130010E-1
3.522500E+1	1.319032E-3	4.076745E-2	3.679573E-2
3.538750E+1	1.403400E-3	2.457742E-1	-2.742715E-2
3.555000E+1	1.323407E-3	1.554751E-1	1.531047E-1
3.571250E+1	1.152205E-3	2.117574E-1	-1.638387E-1
3.587500E+1	1.202170E-3	2.435771E-1	1.670398E-1
3.603750E+1	1.179176E-3	7.609659E-2	-7.609547E-2
3.620000E+1	1.227930E-3	2.291280E-1	8.519439E-2
3.636250E+1	1.266646E-3	1.371985E-2	1.328600E-2
3.652500E+1	1.261913E-3	1.756987E-1	4.679698E-2
3.668750E+1	1.200781E-3	5.977527E-2	2.097393E-2
3.685000E+1	1.140262E-3	1.422428E-1	5.282839E-2
3.701250E+1	1.304785E-3	7.684830E-2	-1.883875E-2
3.717500E+1	1.198768E-3	1.760294E-1	6.640311E-2
3.733750E+1	1.176649E-3	2.805781E-2	-1.648783E-2
3.750000E+1	1.218901E-3	1.961411E-1	8.797962E-2
3.766250E+1	1.132527E-3	2.670236E-2	-2.560608E-2
3.782500E+1	1.258461E-3	2.039628E-1	9.496194E-2
3.798750E+1	1.151661E-3	3.380253E-2	-2.400514E-2
3.815000E+1	1.243929E-3	2.091420E-1	8.237389E-2
3.831250E+1	1.185679E-3	1.942178E-2	-1.310867E-2
3.847500E+1	1.200025E-3	1.999029E-1	8.988120E-2
3.863750E+1	1.110700E-3	2.486703E-2	-2.245135E-2
3.880000E+1	1.174360E-3	2.106940E-1	9.021475E-2
3.896250E+1	1.147110E-3	3.473092E-2	-3.085924E-2
3.912500E+1	9.565099E-4	2.419927E-1	1.084666E-1
3.928750E+1	1.056047E-3	5.473884E-2	-3.965436E-2
3.945000E+1	1.201075E-3	2.531831E-1	9.797722E-2
3.961250E+1	1.050652E-3	7.194734E-2	-3.714278E-2
3.977500E+1	1.022527E-3	2.326147E-1	7.921989E-2
3.993750E+1	1.121470E-3	4.789127E-2	-1.520189E-2
4.010000E+1	1.245236E-3	2.083320E-1	6.582556E-2
4.026250E+1	1.161671E-3	5.446521E-3	-2.544372E-3
4.042500E+1	1.135311E-3	1.464828E-1	6.757730E-2
4.058750E+1	1.101314E-3	5.773878E-2	-1.640184E-2
4.075000E+1	1.188252E-3	8.961571E-2	5.587730E-2
4.091250E+1	1.030068E-3	1.092262E-1	-5.048995E-3
4.107500E+1	1.191948E-3	6.446904E-2	4.158951E-2
4.123750E+1	1.146132E-3	1.259609E-1	2.185363E-2
4.140000E+1	1.358262E-3	4.690481E-2	7.345307E-3
4.156250E+1	1.003919E-3	1.127199E-1	5.312961E-2
4.172500E+1	1.002898E-3	9.988355E-2	-3.864264E-2
4.188750E+1	9.876682E-4	1.168369E-1	1.032143E-1
4.205000E+1	9.816735E-4	1.550707E-1	-4.633685E-2
4.221250E+1	1.039069E-3	1.124876E-1	1.123879E-1
4.237500E+1	1.072980E-3	1.989994E-1	-2.536441E-2
4.253750E+1	9.356326E-4	8.932736E-2	6.468597E-2
4.270000E+1	9.992296E-4	2.108706E-1	1.284039E-2
4.286250E+1	1.118629E-3	6.004913E-2	-5.137113E-3
4.302500E+1	1.087547E-3	2.284146E-1	8.333877E-2
4.318750E+1	1.090715E-3	9.523025E-2	-8.829843E-2
4.335000E+1	1.068714E-3	2.355952E-1	1.640795E-1
4.351250E+1	1.116041E-3	1.500124E-1	-1.430769E-1
4.367500E+1	8.761925E-4	2.086892E-1	1.986520E-1
4.383750E+1	1.084815E-3	1.904653E-1	-1.268190E-1
4.400000E+1	9.288478E-4	1.354787E-1	1.310729E-1
4.416250E+1	9.880499E-4	2.014713E-1	-2.773167E-2
4.432500E+1	1.177027E-3	3.006758E-2	4.479266E-3
4.448750E+1	1.025509E-3	1.458124E-1	7.969703E-2
4.465000E+1	1.036987E-3	6.505046E-2	-2.271412E-2
4.481250E+1	9.158241E-4	5.243572E-2	4.113674E-2
4.497500E+1	1.061293E-3	1.171347E-1	4.622988E-2
4.513750E+1	1.046699E-3	6.925347E-2	-3.144133E-2
4.530000E+1	1.082583E-3	6.881011E-2	5.620705E-2
4.546250E+1	1.187336E-3	1.131364E-1	2.208358E-2
4.562500E+1	1.103375E-3	4.591203E-2	-3.068752E-2
4.578750E+1	1.070086E-3	9.994712E-2	9.303207E-2
4.595000E+1	9.685326E-4	1.309118E-1	-1.803541E-2
4.611250E+1	9.558032E-4	2.133508E-2	-2.640711E-3
4.627500E+1	1.130692E-3	1.636347E-1	9.582087E-2
4.643750E+1	1.158179E-3	9.183829E-2	-7.231504E-2
4.660000E+1	1.106716E-3	6.774055E-2	6.742521E-2
4.676250E+1	1.149066E-3	1.324061E-1	4.457508E-2
4.692500E+1	8.959941E-4	6.537287E-2	-5.534757E-2
4.708750E+1	1.148591E-3	9.632636E-2	9.024648E-2
4.725000E+1	1.101162E-3	1.295729E-1	2.612038E-3
4.741250E+1	1.001132E-3	2.930225E-2	-2.728877E-2
4.757500E+1	1.007386E-3	1.036641E-1	8.901922E-2
4.773750E+1	1.007956E-3	1.245094E-1	-6.588488E-3
4.790000E+1	1.052017E-3	1.851227E-2	-1.840487E-2
4.806250E+1	1.083779E-3	1.229352E-1	7.962089E-2
4.822500E+1	1.121062E-3	9.433975E-2	-3.016081E-2
4.838750E+1	9.588831E-4	2.741988E-2	5.919470E-3
4.855000E+1	1.001013E-3	1.302369E-1	9.507534E-2
4.871250E+1	1.096152E-3	1.040303E-1	-5.149911E-2
4.887500E+1	1.104317E-3	2.057271E-2	1.515385E-2
4.903750E+1	1.108924E-3	1.201343E-1	6.398594E-2
4.920000E+1	1.059677E-3	8.901221E-2	-3.508281E-2
4.936250E+1	1.181977E-3	8.523401E-3	-1.819995E-3
4.952500E+1	1.018356E-3	1.091960E-1	8.032264E-2
4.968750E+1	1.154801E-3	1.078645E-1	-3.042351E-2
4.985000E+1	1.092772E-3	2.093218E-2	-2.086425E-2
5.001250E+1	1.248274E-3	8.235528E-2	6.672270E-2
5.017500E+1	9.441173E-4	8.655529E-2	-3.467328E-2
5.033750E+1	1.016041E-3	9.768140E-3	6.776247E-3
5.050000E+1	9.979731E-4	6.705514E-2	3.525340E-2
5.066250E+1	1.146530E-3	5.441515E-2	1.061637E-2
5.082500E+1	7.937103E-4	7.428070E-2	2.636185E-2
5.098750E+1	9.981279E-4	5.694666E-2	-8.345581E-3
5.115000E+1	9.878776E-4	4.567309E-2	4.519064E-2
5.131250E+1	9.972866E-4	9.539670E-2	3.150885E-2
5.147500E+1	1.011593E-3	6.504963E-2	-4.027750E-2
5.163750E+1	1.031258E-3	1.550295E-2	1.521983E-2
5.180000E+1	9.800489E-4	1.023141E-1	8.533403E-2
5.196250E+1	1.031773E-3	1.134416E-1	-8.775772E-3
5.212500E+1	1.024263E-3	4.953654E-2	-4.949269E-2
5.228750E+1	1.045410E-3	9.874442E-2	9.851494E-2
5.245000E+1	9.919323E-4	1.441780E-1	2.197986E-2
5.261250E+1	9.715908E-4	7.641972E-2	-6.853050E-2
5.277500E+1	8.671038E-4	5.372551E-2	4.346531E-2
5.293750E+1	8.774330E-4	1.046198E-1	5.383580E-2
5.310000E+1	9.473997E-4	5.755154E-2	-2.356024E-2
5.326250E+1	1.009692E-3	1.629169E-2	1.465593E-2
5.342500E+1	9.589926E-4	5.127564E-2	3.478468E-2
5.358750E+1	1.062104E-3	6.219184E-2	1.610839E-2
5.375000E+1	9.455964E-4	4.624774E-2	9.428091E-3
5.391250E+1	1.010447E-3	5.340059E-2	1.268993E-2
5.407500E+1	1.017346E-3	2.754117E-2	1.294690E-2
5.423750E+1	9.138182E-4	6.399173E-2	3.894072E-2
5.440000E+1	1.041883E-3	6.706174E-2	-9.909575E-3
5.456250E+1	9.892492E-4	2.100601E-2	-1.484348E-2
5.472500E+1	1.107260E-3	6.135876E-2	5.993149E-2
5.488750E+1	9.614267E-4	9.839781E-2	1.969985E-2
5.505000E+1	9.808230E-4	3.788522E-2	-3.269267E-2
5.521250E+1	9.759259E-4	4.841908E-2	4.809070E-2
5.537500E+1	1.019316E-3	9.032214E-2	4.982435E-2
5.553750E+1	9.955490E-4	5.864295E-2	-1.907859E-2
5.570000E+1	9.720940E-4	2.547540E-2	2.483283E-2
5.586250E+1	1.027238E-3	6.203464E-2	3.660345E-2
5.602500E+1	1.067792E-3	4.737769E-2	-7.334593E-4
5.618750E+1	1.023121E-3	2.349739E-2	1.891343E-2
5.635000E+1	1.030844E-3	5.505947E-2	3.075167E-2
5.651250E+1	9.779955E-4	5.209157E-2	-6.435277E-3
5.667500E+1	1.078301E-3	2.489926E-2	7.479879E-3
5.683750E+1	1.074291E-3	3.442559E-2	1.569876E-2
5.700000E+1	1.072003E-3	3.457825E-2	2.179403E-2
5.716250E+1	1.025484E-3	5.904305E-2	3.285215E-2
5.732500E+1	1.110057E-3	5.629104E-2	-4.705990E-3
5.748750E+1	1.095232E-3	1.551813E-2	-2.652095E-3
5.765000E+1	1.083355E-3	4.031441E-2	4.028850E-2
5.781250E+1	1.103183E-3	6.733193E-2	5.161810E-2
5.797500E+1	1.170769E-3	7.373594E-2	-7.814937E-4
5.813750E+1	1.081661E-3	3.138272E-2	-2.354563E-2
5.830000E+1	1.116987E-3	2.911034E-2	2.743675E-2
5.846250E+1	1.128546E-3	6.216140E-2	5.670873E-2
5.862500E+1	1.116221E-3	8.386965E-2	3.924087E-2
5.878750E+1	1.222241E-3	6.792449E-2	-1.915732E-2
5.895000E+1	1.132088E-3	2.462143E-2	-2.330963E-2
5.911250E+1	1.125312E-3	3.231272E-2	3.040360E-2
5.927500E+1	1.131093E-3	5.750477E-2	5.489714E-2
5.943750E+1	1.150753E-3	7.126718E-2	4.749764E-2
5.960000E+1	1.097902E-3	7.226078E-2	2.285689E-2
5.976250E+1	1.112917E-3	8.044708E-2	-2.908405E-2
5.992500E+1	1.217372E-3	4.417541E-2	-4.415654E-2
6.008750E+1	1.174660E-3	5.747035E-2	2.883618E-2
6.025000E+1	1.174423E-3	1.021812E-1	9.919798E-2
6.041250E+1	1.269254E-3	1.231656E-1	5.452997E-2
6.057500E+1	1.204007E-3	9.978179E-2	-4.584991E-2
6.073750E+1	1.279635E-3	5.573893E-2	-5.459639E-2
6.090000E+1	1.264265E-3	6.683312E-2	4.627104E-2
6.106250E+1	1.278721E-3	9.901037E-2	8.894255E-2
6.122500E+1	1.247338E-3	9.097521E-2	2.300764E-2
6.138750E+1	1.279472E-3	4.925298E-2	-2.456691E-2
6.155000E+1	1.264881E-3	4.415853E-3	-4.181643E-3
6.171250E+1	1.361495E-3	2.248556E-2	2.248321E-2
6.187500E+1	1.257340E-3	3.722220E-2	2.599287E-2
6.203750E+1	1.264675E-3	4.298434E-2	2.947069E-2
6.220000E+1	1.267277E-3	3.584407E-2	1.964511E-2
6.236250E+1	1.356364E-3	3.260932E-2	1.550507E-2
6.252500E+1	1.301685E-3	3.533832E-2	1.929124E-2
6.268750E+1	1.298411E-3	4.108237E-2	2.012387E-2
6.285000E+1	1.359235E-3	3.897247E-2	2.264370E-3
6.301250E+1	1.380950E-3	3.549662E-2	-1.730176E-2
6.317500E+1	1.340610E-3	2.081125E-2	-2.074424E-2
6.333750E+1	1.389498E-3	3.755809E-2	1.567653E-2
6.350000E+1	1.407284E-3	5.707058E-2	5.613480E-2
6.366250E+1	1.378415E-3	9.673993E-2	8.273195E-2
6.382500E+1	1.447224E-3	1.015130E-1	3.553329E-2
6.398750E+1	1.420069E-3	8.953422E-2	-2.398211E-2
6.415000E+1	1.469676E-3	7.583956E-2	-5.381437E-2
6.431250E+1	1.481345E-3	4.854351E-2	-4.850178E-2
6.447500E+1	1.494144E-3	2.966044E-2	-1.214130E-2
6.463750E+1	1.517246E-3	5.172457E-2	4.056384E-2
6.480000E+1	1.502179E-3	7.096415E-2	7.094302E-2
6.496250E+1	1.544729E-3	8.793417E-2	7.627099E-2
6.512500E+1	1.547895E-3	7.726074E-2	3.461315E-2
6.528750E+1	1.556480E-3	6.279022E-2	-8.739244E-4
6.545000E+1	1.591331E-3	3.926396E-2	-2.201409E-2
6.561250E+1	1.615552E-3	1.423505E-2	-1.099009E-2
6.577500E+1	1.593530E-3	1.569532E-2	-4.035117E-3
6.593750E+1	1.650496E-3	2.440698E-2	-1.302062E-2
6.610000E+1	1.644805E-3	1.173999E-2	-1.090442E-2
6.626250E+1	1.651579E-3	1.913251E-2	9.297745E-3
6.642500E+1	1.626375E-3	4.587386E-2	4.358865E-2
6.658750E+1	1.681191E-3	7.127108E-2	6.881430E-2
6.675000E+1	1.797043E-3	8.339538E-2	6.408844E-2
6.691250E+1	1.678489E-3	8.909275E-2	4.307973E-2
6.707500E+1	1.752616E-3	7.715944E-2	9.081093E-3
6.723750E+1	1.820838E-3	7.092990E-2	-2.202873E-2
6.740000E+1	1.782432E-3	6.163692E-2	-4.198263E-2
6.756250E+1	1.857391E-3	5.928226E-2	-5.459625E-2
6.772500E+1	1.845627E-3	4.938418E-2	-4.931144E-2
6.788750E+1	1.914107E-3	4.524640E-2	-3.886542E-2
6.805000E+1	1.854923E-3	4.965049E-2	-9.696446E-3
6.821250E+1	1.968935E-3	5.796769E-2	2.147824E-2
6.837500E+1	1.961965E-3	7.141500E-2	5.423067E-2
6.853750E+1	1.995324E-3	7.708824E-2	7.285016E-2
6.870000E+1	2.049882E-3	7.556804E-2	7.551463E-2
6.886250E+1	2.061843E-3	8.845700E-2	7.917061E-2
6.902500E+1	2.105231E-3	8.627378E-2	5.248121E-2
6.918750E+1	2.161724E-3	8.716024E-2	3.197603E-2
6.935000E+1	2.233617E-3	8.599822E-2	4.626653E-3
6.951250E+1	2.202721E-3	7.093201E-2	-1.346347E-2
6.967500E+1	2.272259E-3	5.781920E-2	-4.099504E-2
6.983750E+1	2.320481E-3	7.003559E-2	-7.003454E-2
7.000000E+1	2.357750E-3	8.426297E-2	-6.890756E-2
